11904 2011 00001 00342 0002000.00 0000000430 00397 00001 2010-09-08 10:36:43
11905 2011 00001 00343 0000050.00 0000000010 00397 00001 2010-09-08 10:36:43
11906 2011 00001 00344 0000500.00 0000000050 00397 00001 2010-09-08 10:36:43
11907 2011 00001 00345 0004000.00 0000000430 00397 00001 2010-09-08 10:36:43
11908 2011 00001 00346 0000060.00 0000000010 00397 00001 2010-09-08 10:36:43
11909 2011 00001 00347 0007000.00 0000000430 00397 00001 2010-09-08 10:36:43
11910 2011 00001 00348 0001000.00 0000000100 00397 00001 2010-09-08 10:36:43
11911 2011 00001 00366 0000430.00 0000000430 00397 00001 2010-09-08 10:36:43
12065 2011 00002 00235 0000010.00 0000000010 00397 00001 2010-09-08 10:58:22
12066 2011 00002 00236 0000010.00 0000000010 00397 00001 2010-09-08 10:58:22
12067 2011 00002 00237 0000005.00 0000000010 00397 00001 2010-09-08 10:58:22
12068 2011 00002 00238 0000015.00 0000000050 00397 00001 2010-09-08 10:58:22
12069 2011 00002 00239 0000129.00 0000000430 00397 00001 2010-09-08 10:58:22
12070 2011 00002 00240 0000430.00 0000000430 00397 00001 2010-09-08 10:58:22
12071 2011 00002 00242 0000008.00 0000000010 00397 00001 2010-09-08 10:58:22
12072 2011 00002 00243 0002000.00 0000000100 00397 00001 2010-09-08 10:58:22
12073 2011 00002 00359 0000050.00 0000000050 00397 00001 2010-09-08 10:58:22
12074 2011 00002 00361 0000100.00 0000000100 00397 00001 2010-09-08 10:58:22
12075 2011 00002 00365 0000430.00 0000000430 00397 00001 2010-09-08 10:58:22
12076 2011 00002 00367 0000430.00 0000000430 00397 00001 2010-09-08 10:58:22
12077 2011 00002 00374 0000430.00 0000000430 00397 00001 2010-09-08 10:58:22
12080 2011 00003 00056 0000001.00 0000000020 00397 00001 2010-09-08 10:59:03
12081 2011 00003 00058 0000001.00 0000000020 00397 00001 2010-09-08 10:59:03
12168 2011 00004 00184 0000010.00 0000000020 00397 00001 2010-09-08 11:06:12
12169 2011 00004 00188 0000001.00 0000000040 00397 00001 2010-09-08 11:06:12
12170 2011 00004 00189 0000001.00 0000000008 00397 00001 2010-09-08 11:06:12
12171 2011 00004 00190 0000001.00 0000000001 00397 00001 2010-09-08 11:06:12
12172 2011 00004 00192 0000005.00 0000000040 00397 00001 2010-09-08 11:06:12
12173 2011 00004 00193 0000040.00 0000000040 00397 00001 2010-09-08 11:06:12
12174 2011 00004 00362 0000010.00 0000000020 00397 00001 2010-09-08 11:06:12
12184 2011 00003 00056 0000001.00 0000000020 00397 00001 2010-09-08 11:06:58
12185 2011 00003 00058 0000001.00 0000000020 00397 00001 2010-09-08 11:06:58
12268 2011 00005 00215 0000050.00 0000000020 00397 00001 2010-09-08 11:15:31
12269 2011 00005 00219 0000001.00 0000000010 00397 00001 2010-09-08 11:15:31
12270 2011 00005 00221 0000005.00 0000000005 00397 00001 2010-09-08 11:15:31
12271 2011 00005 00222 0000050.00 0000000020 00397 00001 2010-09-08 11:15:31
12272 2011 00005 00223 0000010.00 0000000005 00397 00001 2010-09-08 11:15:31
12273 2011 00005 00226 0000010.00 0000000002 00397 00001 2010-09-08 11:15:31
12274 2011 00005 00228 0000020.00 0000000020 00397 00001 2010-09-08 11:15:31
12275 2011 00005 00229 0000050.00 0000000020 00397 00001 2010-09-08 11:15:31
12276 2011 00005 00231 0000050.00 0000000020 00397 00001 2010-09-08 11:15:31
12279 2011 00006 00198 0000100.00 0000000050 00397 00001 2010-09-08 11:17:51
12280 2011 00006 00202 0000005.00 0000000050 00397 00001 2010-09-08 11:17:51
12281 2011 00006 00203 0000005.00 0000000010 00397 00001 2010-09-08 11:17:51
12282 2011 00006 00204 0000005.00 0000000010 00397 00001 2010-09-08 11:17:51
12283 2011 00006 00205 0000100.00 0000000050 00397 00001 2010-09-08 11:17:51
12284 2011 00006 00209 0000010.00 0000000002 00397 00001 2010-09-08 11:17:51
12285 2011 00006 00210 0000050.00 0000000050 00397 00001 2010-09-08 11:17:51
12286 2011 00006 00211 0000100.00 0000000050 00397 00001 2010-09-08 11:17:51
12287 2011 00006 00213 0000100.00 0000000050 00397 00001 2010-09-08 11:17:51
12342 2011 00005 00215 0000050.00 0000000020 00397 00001 2010-09-08 11:33:21
12343 2011 00005 00219 0000001.00 0000000010 00397 00001 2010-09-08 11:33:21
12344 2011 00005 00221 0000005.00 0000000005 00397 00001 2010-09-08 11:33:21
12345 2011 00005 00222 0000050.00 0000000050 00397 00001 2010-09-08 11:33:21
12346 2011 00005 00223 0000010.00 0000000005 00397 00001 2010-09-08 11:33:21
12347 2011 00005 00226 0000010.00 0000000002 00397 00001 2010-09-08 11:33:21
12348 2011 00005 00228 0000020.00 0000000020 00397 00001 2010-09-08 11:33:21
12349 2011 00005 00229 0000050.00 0000000020 00397 00001 2010-09-08 11:33:21
12350 2011 00005 00231 0000050.00 0000000020 00397 00001 2010-09-08 11:33:21
12353 2011 00006 00198 0000100.00 0000000050 00397 00001 2010-09-08 11:34:29
12354 2011 00006 00202 0000005.00 0000000050 00397 00001 2010-09-08 11:34:29
12355 2011 00006 00203 0000005.00 0000000010 00397 00001 2010-09-08 11:34:29
12356 2011 00006 00204 0000005.00 0000000010 00397 00001 2010-09-08 11:34:29
12357 2011 00006 00205 0000100.00 0000000050 00397 00001 2010-09-08 11:34:29
12358 2011 00006 00209 0000010.00 0000000002 00397 00001 2010-09-08 11:34:29
12359 2011 00006 00210 0000050.00 0000000050 00397 00001 2010-09-08 11:34:29
12360 2011 00006 00211 0000100.00 0000000050 00397 00001 2010-09-08 11:34:29
12361 2011 00006 00213 0000100.00 0000000050 00397 00001 2010-09-08 11:34:29
13604 2011 00008 00138 0300000.00 0000000150 00397 00001 2010-09-08 17:06:09
13605 2011 00008 00139 0000150.00 0000000150 00397 00001 2010-09-08 17:06:09
13606 2011 00008 00142 0030000.00 0000000005 00397 00001 2010-09-08 17:06:09
13607 2011 00008 00143 0000005.00 0000000005 00397 00001 2010-09-08 17:06:09
13608 2011 00008 00146 0030000.00 0000000005 00397 00001 2010-09-08 17:06:09
13609 2011 00008 00147 0000005.00 0000000005 00397 00001 2010-09-08 17:06:09
13610 2011 00008 00150 0000100.00 0000000100 00397 00001 2010-09-08 17:06:09
13611 2011 00008 00151 0000100.00 0000000100 00397 00001 2010-09-08 17:06:09
13612 2011 00008 00152 0000800.00 0000000800 00397 00001 2010-09-08 17:06:09
13616 2011 00008 00156 0000006.00 0000000006 00397 00001 2010-09-08 17:06:09
13618 2011 00007 00072 0000010.00 0000000020 00397 00001 2010-09-08 17:08:19
13619 2011 00007 00073 0000005.00 0000000010 00397 00001 2010-09-08 17:08:19
13620 2011 00007 00074 0000001.00 0000000020 00397 00001 2010-09-08 17:08:19
13621 2011 00007 00076 0000010.00 0000000002 00397 00001 2010-09-08 17:08:19
13622 2011 00007 00077 0000001.00 0000000020 00397 00001 2010-09-08 17:08:19
13623 2011 00007 00079 0000001.00 0000000020 00397 00001 2010-09-08 17:08:19
13624 2011 00007 00081 0000001.00 0000000001 00397 00001 2010-09-08 17:08:19
13625 2011 00007 00375 0000020.00 0000000020 00397 00001 2010-09-08 17:08:19
13634 2011 00009 00303 0000010.00 0000000010 00397 00001 2010-09-08 17:14:15
13635 2011 00009 00307 0000001.00 0000000008 00397 00001 2010-09-08 17:14:15
13636 2011 00009 00310 0000001.00 0000000010 00397 00001 2010-09-08 17:14:15
13637 2011 00010 00043 0000001.00 0000000005 00397 00001 2010-09-08 17:15:02
13638 2011 00010 00047 0000002.00 0000000004 00397 00001 2010-09-08 17:15:02
13639 2011 00010 00048 0000002.00 0000000004 00397 00001 2010-09-08 17:15:02
13640 2011 00010 00055 0000001.00 0000000010 00397 00001 2010-09-08 17:15:02
13641 2011 00010 00378 0000010.00 0000000010 00397 00001 2010-09-08 17:15:02
17499 2011 00011 00014 0000050.00 0000000020 00397 00001 2010-09-10 08:35:22
17500 2011 00011 00016 0000002.00 0000000002 00397 00001 2010-09-10 08:35:22
17501 2011 00011 00017 0000001.00 0000000001 00397 00001 2010-09-10 08:35:22
17502 2011 00011 00018 0000001.00 0000000002 00397 00001 2010-09-10 08:35:22
17503 2011 00011 00021 0000001.00 0000000002 00397 00001 2010-09-10 08:35:22
17504 2011 00011 00025 0000001.00 0000000020 00397 00001 2010-09-10 08:35:22
17505 2011 00011 00026 0000001.00 0000000010 00397 00001 2010-09-10 08:35:22
17506 2011 00011 00029 0000001.00 0000000020 00397 00001 2010-09-10 08:35:22
17507 2011 00011 00031 0000001.00 0000000015 00397 00001 2010-09-10 08:35:22
17508 2011 00011 00032 0000001.00 0000000015 00397 00001 2010-09-10 08:35:22
17509 2011 00011 00363 0000060.00 0000000060 00397 00001 2010-09-10 08:35:22
17510 2011 00011 00379 0000060.00 0000000060 00397 00001 2010-09-10 08:35:22
17513 2011 00012 00280 0000002.00 0000000010 00397 00001 2010-09-10 08:36:38
17514 2011 00012 00281 0000001.00 0000000010 00397 00001 2010-09-10 08:36:38
17515 2011 00012 00282 0000000.50 0000000010 00397 00001 2010-09-10 08:36:38
17516 2011 00012 00283 0000000.50 0000000010 00397 00001 2010-09-10 08:36:38
17517 2011 00012 00284 0000004.00 0000000010 00397 00001 2010-09-10 08:36:38
17518 2011 00012 00285 0000001.00 0000000010 00397 00001 2010-09-10 08:36:38
17519 2011 00012 00286 0000001.00 0000000010 00397 00001 2010-09-10 08:36:38
17520 2011 00012 00287 0000000.50 0000000010 00397 00001 2010-09-10 08:36:38
17521 2011 00012 00291 0000001.00 0000000010 00397 00001 2010-09-10 08:36:38
17522 2011 00012 00294 0000001.00 0000000020 00397 00001 2010-09-10 08:36:38
17523 2011 00012 00380 0000020.00 0000000020 00397 00001 2010-09-10 08:36:38
17544 2011 00013 00102 0000100.00 0000000010 00397 00001 2010-09-10 08:45:46
17545 2011 00013 00103 0000010.00 0000000010 00397 00001 2010-09-10 08:45:46
17546 2011 00013 00104 0000110.00 0000000010 00397 00001 2010-09-10 08:45:46
17547 2011 00013 00107 0000001.00 0000000008 00397 00001 2010-09-10 08:45:46
17548 2011 00013 00108 0000001.00 0000000020 00397 00001 2010-09-10 08:45:46
17549 2011 00013 00109 0000005.00 0000000005 00397 00001 2010-09-10 08:45:46
17550 2011 00013 00110 0000005.00 0000000005 00397 00001 2010-09-10 08:45:46
17551 2011 00013 00111 0000020.00 0000000005 00397 00001 2010-09-10 08:45:46
17552 2011 00013 00368 0000020.00 0000000020 00397 00001 2010-09-10 08:45:46
17557 2011 00014 00118 0000300.00 0000000030 00397 00001 2010-09-10 08:46:51
17558 2011 00014 00119 0000030.00 0000000030 00397 00001 2010-09-10 08:46:51
17559 2011 00014 00120 0000330.00 0000000030 00397 00001 2010-09-10 08:46:51
17560 2011 00014 00123 0000001.00 0000000008 00397 00001 2010-09-10 08:46:51
17561 2011 00014 00125 0000001.00 0000000030 00397 00001 2010-09-10 08:46:51
17562 2011 00014 00126 0000010.00 0000000010 00397 00001 2010-09-10 08:46:51
17563 2011 00014 00127 0000010.00 0000000010 00397 00001 2010-09-10 08:46:51
17564 2011 00014 00128 0000100.00 0000000030 00397 00001 2010-09-10 08:46:51
17565 2011 00014 00129 0000010.00 0000000010 00397 00001 2010-09-10 08:46:51
17566 2011 00014 00131 0000005.00 0000000002 00397 00001 2010-09-10 08:46:51
17567 2011 00014 00381 0000030.00 0000000030 00397 00001 2010-09-10 08:46:51
17656 2011 00015 00059 0000002.00 0000000015 00397 00001 2010-09-10 09:00:12
17657 2011 00015 00060 0000001.00 0000000010 00397 00001 2010-09-10 09:00:12
17658 2011 00015 00061 0000001.00 0000000010 00397 00001 2010-09-10 09:00:12
17659 2011 00015 00062 0000001.00 0000000030 00397 00001 2010-09-10 09:00:12
17660 2011 00015 00063 0000001.00 0000000015 00397 00001 2010-09-10 09:00:12
17661 2011 00015 00065 0000001.00 0000000015 00397 00001 2010-09-10 09:00:12
17662 2011 00015 00066 0000001.00 0000000030 00397 00001 2010-09-10 09:00:12
17663 2011 00015 00382 0000030.00 0000000030 00397 00001 2010-09-10 09:00:12
17666 2011 00016 00090 0000001.00 0000000015 00397 00001 2010-09-10 09:00:59
17667 2011 00016 00091 0000200.00 0000000010 00397 00001 2010-09-10 09:00:59
17668 2011 00016 00092 0000001.00 0000000015 00397 00001 2010-09-10 09:00:59
17669 2011 00016 00093 0003000.00 0000000015 00397 00001 2010-09-10 09:00:59
17670 2011 00016 00094 0001000.00 0000000010 00397 00001 2010-09-10 09:00:59
17671 2011 00016 00096 0001000.00 0000000010 00397 00001 2010-09-10 09:00:59
17672 2011 00016 00097 0001000.00 0000000010 00397 00001 2010-09-10 09:00:59
17673 2011 00016 00383 0000025.00 0000000025 00397 00001 2010-09-10 09:00:59
17762 2011 00017 00316 0010000.00 0000000010 00397 00001 2010-09-10 09:14:01
17763 2011 00017 00318 0000001.00 0000000010 00397 00001 2010-09-10 09:14:01
17776 2011 00018 00320 0000050.00 0000000050 00397 00001 2010-09-10 09:15:28
17777 2011 00018 00321 0000010.00 0000000200 00397 00001 2010-09-10 09:15:28
17778 2011 00018 00322 0000003.00 0000000003 00397 00001 2010-09-10 09:15:28
17779 2011 00018 00323 0000100.00 0000000100 00397 00001 2010-09-10 09:15:28
17780 2011 00018 00324 0000001.00 0000000020 00397 00001 2010-09-10 09:15:28
17781 2011 00018 00325 0000050.00 0000000050 00397 00001 2010-09-10 09:15:28
17782 2011 00018 00326 0000010.00 0000000010 00397 00001 2010-09-10 09:15:28
17783 2011 00018 00327 0000010.00 0000000200 00397 00001 2010-09-10 09:15:28
17784 2011 00018 00329 0000010.00 0000000030 00397 00001 2010-09-10 09:15:28
17785 2011 00018 00330 0000001.00 0000000020 00397 00001 2010-09-10 09:15:28
17786 2011 00018 00332 0000015.00 0000000150 00397 00001 2010-09-10 09:15:28
17787 2011 00018 00338 0000010.00 0000000030 00397 00001 2010-09-10 09:15:28
17788 2011 00018 00340 0000010.00 0000000010 00397 00001 2010-09-10 09:15:28
19004 2011 00020 00194 0000600.00 0000000600 00397 00001 2010-09-10 12:07:09
19005 2011 00019 00258 0000050.00 0000000010 00397 00001 2010-09-10 12:10:19
19006 2011 00019 00259 0000180.00 0000000100 00397 00001 2010-09-10 12:10:19
19007 2011 00019 00260 0000001.00 0000000050 00397 00001 2010-09-10 12:10:19
19008 2011 00022 00252 0000005.00 0000000010 00397 00001 2010-09-10 12:12:24
19009 2011 00022 00254 0000005.00 0000000010 00397 00001 2010-09-10 12:12:24
19011 2011 00025 00002 0000003.00 0000000003 00397 00001 2010-09-10 12:15:43
19012 2011 00025 00007 0000001.00 0000000002 00397 00001 2010-09-10 12:15:43
19013 2011 00025 00008 0000001.00 0000000002 00397 00001 2010-09-10 12:15:43
19014 2011 00025 00009 0003000.00 0000000015 00397 00001 2010-09-10 12:15:43
19015 2011 00025 00010 0000001.00 0000000015 00397 00001 2010-09-10 12:15:43
19064 2011 00027 00247 0000020.00 0000000004 00397 00001 2010-09-10 12:49:00
19065 2011 00027 00250 0000010.00 0000000004 00397 00001 2010-09-10 12:49:00
19066 2011 00027 00385 0000003.00 0000000004 00397 00001 2010-09-10 12:49:00
19067 2011 00027 00387 0000002.00 0000000004 00397 00001 2010-09-10 12:49:00
19086 2011 00031 00082 0000001.00 0000000010 00397 00001 2010-09-10 12:56:27
19087 2011 00031 00083 0000001.00 0000000010 00397 00001 2010-09-10 12:56:27
19088 2011 00031 00084 0000001.00 0000000010 00397 00001 2010-09-10 12:56:27
19089 2011 00031 00370 0000010.00 0000000010 00397 00001 2010-09-10 12:56:27
19094 2011 00033 00277 0003000.00 0000000015 00397 00001 2010-09-10 12:57:44
19968 2011 00008 00153 0000006.00 0000000180 00397 00001 2010-09-10 16:56:03
19969 2011 00008 00154 0000006.00 0000000150 00397 00001 2010-09-10 16:56:03
19970 2011 00008 00155 0000006.00 0000000150 00397 00001 2010-09-10 16:56:03
19971 2011 00008 00376 0000160.00 0000000160 00397 00001 2010-09-10 16:56:03
19979 2011 00029 00067 0000011.00 0000000073 00397 00001 2010-09-10 16:57:15
19980 2011 00029 00068 0000006.00 0000000003 00397 00001 2010-09-10 16:57:15
19981 2011 00029 00069 0000005.00 0000000070 00397 00001 2010-09-10 16:57:15
19982 2011 00029 00070 0000003.00 0000000003 00397 00001 2010-09-10 16:57:15
19983 2011 00029 00071 0000070.00 0000000070 00397 00001 2010-09-10 16:57:15
37002 2012 00003 00056 0000005.00 0000000100 00539 00001 2011-12-05 14:38:33
37003 2012 00003 00057 0000005.00 0000000100 00539 00001 2011-12-05 14:38:33
37008 2012 00007 00072 0000001.00 0000000003 00539 00001 2011-12-05 14:40:18
37009 2012 00007 00074 0000001.00 0000000015 00539 00001 2011-12-05 14:40:18
37010 2012 00007 00075 0000002.00 0000000030 00539 00001 2011-12-05 14:40:18
37011 2012 00008 00148 0015000.00 0000000003 00539 00001 2011-12-05 14:42:53
37012 2012 00008 00149 0000003.00 0000000003 00539 00001 2011-12-05 14:42:53
37013 2012 00008 00376 0000003.00 0000000003 00539 00001 2011-12-05 14:42:53
37014 2012 00015 00059 0000004.00 0000000040 00539 00001 2011-12-05 14:44:19
37015 2012 00015 00060 0000004.00 0000000040 00539 00001 2011-12-05 14:44:19
37016 2012 00015 00062 0000002.00 0000000040 00539 00001 2011-12-05 14:44:19
37018 2012 00016 00094 0000040.00 0000000004 00539 00001 2011-12-05 14:45:37
37019 2012 00016 00095 0000004.00 0000000004 00539 00001 2011-12-05 14:45:37
37020 2012 00016 00383 0000004.00 0000000004 00539 00001 2011-12-05 14:45:37
37031 2012 00019 00260 0000004.00 0000000020 00539 00001 2011-12-05 14:53:41
37032 2012 00019 00261 0000001.00 0000000012 00539 00001 2011-12-05 14:53:41
37033 2012 00019 00404 0000400.00 0000000010 00539 00001 2011-12-05 14:53:41
37034 2012 00025 00002 0000003.00 0000000003 00539 00001 2011-12-05 14:55:21
37035 2012 00025 00004 0000000.50 0000000001 00539 00001 2011-12-05 14:55:21
37036 2012 00029 00067 0000009.00 0000000140 00539 00001 2011-12-05 14:58:32
37037 2012 00029 00069 0000009.00 0000000140 00539 00001 2011-12-05 14:58:32
37038 2012 00031 00084 0000001.00 0000000010 00539 00001 2011-12-05 15:01:51
37039 2012 00031 00172 0000001.00 0000000010 00539 00001 2011-12-05 15:01:51
37040 2012 00031 00175 0000001.00 0000000015 00539 00001 2011-12-05 15:01:51
44648 2012 00001 00342 0002000.00 0000000500 00397 00001 2010-12-31 00:00:00
44649 2012 00001 00344 0001000.00 0000000050 00397 00001 2010-12-31 00:00:00
44650 2012 00001 00345 0004000.00 0000000500 00397 00001 2010-12-31 00:00:00
44651 2012 00001 00347 0005000.00 0000000500 00397 00001 2010-12-31 00:00:00
44652 2012 00001 00348 0001000.00 0000000100 00397 00001 2010-12-31 00:00:00
44653 2012 00001 00366 0000500.00 0000000500 00397 00001 2010-12-31 00:00:00
44654 2012 00002 00238 0000015.00 0000000050 00397 00001 2010-12-31 00:00:00
44655 2012 00002 00239 0000150.00 0000000500 00397 00001 2010-12-31 00:00:00
44656 2012 00002 00240 0000500.00 0000000500 00397 00001 2010-12-31 00:00:00
44657 2012 00002 00243 0000200.00 0000000100 00397 00001 2010-12-31 00:00:00
44658 2012 00002 00245 0001000.00 0000000500 00397 00001 2010-12-31 00:00:00
44659 2012 00002 00358 0000500.00 0000000500 00397 00001 2010-12-31 00:00:00
44660 2012 00002 00359 0000050.00 0000000050 00397 00001 2010-12-31 00:00:00
44661 2012 00002 00361 0000025.00 0000000100 00397 00001 2010-12-31 00:00:00
44662 2012 00002 00367 0000500.00 0000000500 00397 00001 2010-12-31 00:00:00
44663 2012 00002 00372 0000050.00 0000000050 00397 00001 2010-12-31 00:00:00
44664 2012 00002 00373 0000500.00 0000000500 00397 00001 2010-12-31 00:00:00
44665 2012 00003 00056 0000010.00 0000000400 00397 00001 2010-12-31 00:00:00
44667 2012 00004 00184 0000010.00 0000000020 00397 00001 2010-12-31 00:00:00
44668 2012 00004 00187 0000010.00 0000000020 00397 00001 2010-12-31 00:00:00
44669 2012 00004 00188 0000001.00 0000000040 00397 00001 2010-12-31 00:00:00
44670 2012 00004 00189 0000001.00 0000000010 00397 00001 2010-12-31 00:00:00
44671 2012 00004 00190 0000004.00 0000000004 00397 00001 2010-12-31 00:00:00
44672 2012 00004 00191 0000001.00 0000000020 00397 00001 2010-12-31 00:00:00
44673 2012 00004 00192 0000001.00 0000000020 00397 00001 2010-12-31 00:00:00
44674 2012 00004 00193 0000040.00 0000000040 00397 00001 2012-01-17 10:43:41
44675 2012 00004 00362 0000010.00 0000000040 00397 00001 2010-12-31 00:00:00
44676 2012 00005 00215 0000040.00 0000000010 00397 00001 2010-12-31 00:00:00
44677 2012 00005 00220 0000010.00 0000000010 00397 00001 2010-12-31 00:00:00
44678 2012 00005 00221 0000010.00 0000000010 00397 00001 2010-12-31 00:00:00
44679 2012 00005 00222 0000030.00 0000000010 00397 00001 2010-12-31 00:00:00
44680 2012 00005 00223 0000030.00 0000000010 00397 00001 2010-12-31 00:00:00
44681 2012 00005 00226 0000010.00 0000000010 00397 00001 2010-12-31 00:00:00
44682 2012 00005 00228 0000010.00 0000000010 00397 00001 2010-12-31 00:00:00
44683 2012 00005 00229 0000040.00 0000000010 00397 00001 2010-12-31 00:00:00
44684 2012 00005 00230 0000040.00 0000000010 00397 00001 2010-12-31 00:00:00
44685 2012 00005 00231 0000040.00 0000000010 00397 00001 2010-12-31 00:00:00
44686 2012 00006 00198 0000050.00 0000000010 00397 00001 2010-12-31 00:00:00
44687 2012 00006 00203 0000010.00 0000000025 00397 00001 2010-12-31 00:00:00
44688 2012 00006 00204 0000010.00 0000000025 00397 00001 2010-12-31 00:00:00
44689 2012 00006 00205 0000075.00 0000000025 00397 00001 2010-12-31 00:00:00
44690 2012 00006 00206 0000075.00 0000000025 00397 00001 2010-12-31 00:00:00
44691 2012 00006 00209 0000010.00 0000000005 00397 00001 2010-12-31 00:00:00
44692 2012 00006 00210 0000025.00 0000000025 00397 00001 2010-12-31 00:00:00
44693 2012 00006 00211 0000050.00 0000000025 00397 00001 2010-12-31 00:00:00
44694 2012 00006 00212 0000050.00 0000000025 00397 00001 2010-12-31 00:00:00
44695 2012 00006 00213 0000050.00 0000000025 00397 00001 2010-12-31 00:00:00
44696 2012 00007 00072 0000004.00 0000000010 00397 00001 2010-12-31 00:00:00
44697 2012 00007 00077 0000001.00 0000000010 00397 00001 2010-12-31 00:00:00
44698 2012 00007 00079 0000001.00 0000000010 00397 00001 2010-12-31 00:00:00
44699 2012 00007 00375 0000010.00 0000000010 00397 00001 2010-12-31 00:00:00
44700 2012 00008 00138 0250000.00 0000000100 00397 00001 2010-12-31 00:00:00
44701 2012 00008 00139 0000100.00 0000000100 00397 00001 2010-12-31 00:00:00
44702 2012 00008 00142 0150000.00 0000000020 00397 00001 2010-12-31 00:00:00
44703 2012 00008 00143 0000020.00 0000000020 00397 00001 2010-12-31 00:00:00
44705 2012 00008 00145 0000005.00 0000000005 00397 00001 2010-12-31 00:00:00
44706 2012 00008 00146 0020000.00 0000000002 00397 00001 2010-12-31 00:00:00
44707 2012 00008 00147 0000002.00 0000000002 00397 00001 2010-12-31 00:00:00
44708 2012 00008 00150 0000100.00 0000000100 00397 00001 2010-12-31 00:00:00
44709 2012 00008 00151 0000200.00 0000000200 00397 00001 2010-12-31 00:00:00
44710 2012 00008 00152 0001000.00 0000001000 00397 00001 2010-12-31 00:00:00
44711 2012 00008 00153 0000500.00 0000000500 00397 00001 2010-12-31 00:00:00
44712 2012 00008 00154 0000300.00 0000000300 00397 00001 2010-12-31 00:00:00
44713 2012 00008 00155 0000300.00 0000000300 00397 00001 2010-12-31 00:00:00
44714 2012 00008 00156 0000006.00 0000000006 00397 00001 2010-12-31 00:00:00
44715 2012 00008 00376 0000500.00 0000000500 00397 00001 2010-12-31 00:00:00
44716 2012 00010 00043 0000004.00 0000000008 00397 00001 2010-12-31 00:00:00
44717 2012 00010 00046 0000001.00 0000000002 00397 00001 2010-12-31 00:00:00
44718 2012 00010 00047 0000001.00 0000000002 00397 00001 2010-12-31 00:00:00
44719 2012 00010 00054 0000005.00 0000000005 00397 00001 2010-12-31 00:00:00
44720 2012 00010 00378 0000013.00 0000000013 00397 00001 2010-12-31 00:00:00
44721 2012 00011 00014 0000150.00 0000000160 00397 00001 2012-01-25 15:24:56
44722 2012 00011 00025 0000001.00 0000000020 00397 00001 2010-12-31 00:00:00
44723 2012 00011 00031 0000001.00 0000000001 00397 00001 2010-12-31 00:00:00
44724 2012 00011 00032 0000060.00 0000000090 00397 00001 2012-01-25 15:25:51
44725 2012 00011 00363 0000006.00 0000000012 00397 00001 2010-12-31 00:00:00
44726 2012 00011 00379 0000012.00 0000000012 00397 00001 2010-12-31 00:00:00
44727 2012 00012 00281 0000000.50 0000000001 00397 00001 2010-12-31 00:00:00
44728 2012 00012 00284 0000001.00 0000000010 00397 00001 2010-12-31 00:00:00
44729 2012 00012 00286 0000000.50 0000000005 00397 00001 2010-12-31 00:00:00
44730 2012 00012 00380 0000016.00 0000000016 00397 00001 2010-12-31 00:00:00
44731 2012 00013 00102 0000050.00 0000000005 00397 00001 2010-12-31 00:00:00
44732 2012 00013 00103 0000005.00 0000000005 00397 00001 2010-12-31 00:00:00
44733 2012 00013 00104 0000055.00 0000000005 00397 00001 2010-12-31 00:00:00
44734 2012 00013 00107 0000001.00 0000000005 00397 00001 2010-12-31 00:00:00
44735 2012 00013 00109 0000002.50 0000000005 00397 00001 2010-12-31 00:00:00
44736 2012 00013 00110 0000002.50 0000000005 00397 00001 2010-12-31 00:00:00
44737 2012 00013 00111 0000010.00 0000000005 00397 00001 2010-12-31 00:00:00
44738 2012 00013 00368 0000005.00 0000000005 00397 00001 2010-12-31 00:00:00
44739 2012 00014 00118 0000050.00 0000000005 00397 00001 2010-12-31 00:00:00
44740 2012 00014 00119 0000005.00 0000000005 00397 00001 2010-12-31 00:00:00
44741 2012 00014 00120 0000055.00 0000000005 00397 00001 2010-12-31 00:00:00
44742 2012 00014 00126 0000005.00 0000000005 00397 00001 2010-12-31 00:00:00
44743 2012 00014 00127 0000005.00 0000000005 00397 00001 2010-12-31 00:00:00
44744 2012 00014 00128 0000015.00 0000000005 00397 00001 2010-12-31 00:00:00
44745 2012 00014 00129 0000015.00 0000000005 00397 00001 2010-12-31 00:00:00
44746 2012 00014 00381 0000005.00 0000000005 00397 00001 2010-12-31 00:00:00
44747 2012 00016 00090 0000001.00 0000000010 00397 00001 2010-12-31 00:00:00
44748 2012 00016 00091 0000100.00 0000000010 00397 00001 2010-12-31 00:00:00
44749 2012 00016 00092 0000001.00 0000000010 00397 00001 2010-12-31 00:00:00
44750 2012 00016 00093 0010000.00 0000000010 00397 00001 2010-12-31 00:00:00
44751 2012 00016 00094 0001000.00 0000000010 00397 00001 2010-12-31 00:00:00
44752 2012 00016 00095 0000030.00 0000000010 00397 00001 2010-12-31 00:00:00
44753 2012 00016 00096 0001030.00 0000000010 00397 00001 2010-12-31 00:00:00
44754 2012 00016 00097 0001000.00 0000000010 00397 00001 2010-12-31 00:00:00
44755 2012 00016 00383 0000010.00 0000000010 00397 00001 2010-12-31 00:00:00
44756 2012 00017 00316 0030000.00 0000000030 00397 00001 2010-12-31 00:00:00
44757 2012 00019 00260 0000001.00 0000000030 00397 00001 2010-12-31 00:00:00
44758 2012 00019 00261 0000001.00 0000000030 00397 00001 2010-12-31 00:00:00
44759 2012 00019 00262 0000001.00 0000000030 00397 00001 2010-12-31 00:00:00
44760 2012 00019 00263 0135000.00 0000000030 00397 00001 2010-12-31 00:00:00
44761 2012 00019 00400 0000060.00 0000000030 00397 00001 2010-12-31 00:00:00
44762 2012 00019 00402 0000060.00 0000000030 00397 00001 2010-12-31 00:00:00
44763 2012 00019 00404 0060000.00 0000000030 00397 00001 2010-12-31 00:00:00
44765 2012 00019 00407 0050000.00 0000000030 00397 00001 2010-12-31 00:00:00
44766 2012 00020 00194 0001240.00 0000001240 00397 00001 2010-12-31 00:00:00
44767 2012 00025 00009 0010000.00 0000000010 00397 00001 2010-12-31 00:00:00
44768 2012 00026 00265 0000003.00 0000000003 00397 00001 2010-12-31 00:00:00
44769 2012 00027 00247 0000010.00 0000000002 00397 00001 2010-12-31 00:00:00
44770 2012 00027 00250 0000010.00 0000000005 00397 00001 2010-12-31 00:00:00
44771 2012 00027 00385 0000010.00 0000000003 00397 00001 2010-12-31 00:00:00
44772 2012 00027 00387 0000002.00 0000000005 00397 00001 2010-12-31 00:00:00
44773 2012 00033 00277 0010000.00 0000000010 00397 00001 2010-12-31 00:00:00
44774 2012 00033 00279 0000001.00 0000000001 00397 00001 2010-12-31 00:00:00
44775 2012 00008 00144 0020000.00 0000000005 00397 00001 2010-12-31 00:00:00
44776 2012 00019 00405 0200000.00 0000000100 00397 00001 2010-12-31 00:00:00
45272 2012 00011 00014 0000000.00 0000000000 00900 00001 2012-01-25 15:24:10
47398 2012 00003 00408 0000000.00 0000000000 00397 00001 2011-09-30 18:00:00
47399 2012 00008 00409 0000000.00 0000000000 00397 00001 2011-09-30 18:00:00
47400 2012 00015 00382 0000000.00 0000000000 00539 00001 2011-09-30 18:00:00
47401 2012 00017 00411 0000000.00 0000000000 00397 00001 2011-09-30 18:00:00
47402 2012 00019 00413 0000000.00 0000000000 00397 00001 2011-09-30 18:00:00
47403 2012 00020 00414 0000000.00 0000000000 00397 00001 2011-09-30 18:00:00
47404 2012 00025 00419 0000000.00 0000000000 00539 00001 2011-09-30 18:00:00
47405 2012 00026 00420 0000000.00 0000000000 00397 00001 2011-09-30 18:00:00
47406 2012 00027 00421 0000000.00 0000000000 00397 00001 2011-09-30 18:00:00
47407 2012 00029 00423 0000000.00 0000000000 00539 00001 2011-09-30 18:00:00
47408 2012 00031 00370 0000000.00 0000000000 00539 00001 2011-09-30 18:00:00
47409 2012 00033 00424 0000000.00 0000000000 00397 00001 2011-09-30 18:00:00
