21203 2011 00001 00342 100.00               0000000280 00403 00014 2010-09-29 15:14:43
21204 2011 00001 00344 2000.00              0000000280 00403 00014 2010-09-29 15:14:43
21205 2011 00001 00347 1000.00              0000000280 00403 00014 2010-09-29 15:14:43
21206 2011 00001 00366 280.00               0000000280 00403 00014 2010-09-29 15:14:43
21208 2011 00002 00358 80.00                0000000280 00403 00014 2010-09-29 15:19:23
21209 2011 00002 00359 80.00                0000000280 00403 00014 2010-09-29 15:19:23
21210 2011 00002 00367 20.00                0000000280 00403 00014 2010-09-29 15:19:23
21229 2011 00007 00072 2.00                 0000000040 00403 00014 2010-09-29 15:24:03
21230 2011 00007 00074 2.00                 0000000040 00403 00014 2010-09-29 15:24:03
21231 2011 00007 00079 2.00                 0000000040 00403 00014 2010-09-29 15:24:03
21232 2011 00007 00375 2.00                 0000000040 00403 00014 2010-09-29 15:24:03
21246 2011 00008 00138 200000.00            0000000075 00403 00014 2010-09-29 15:30:25
21247 2011 00008 00139 100.00               0000000075 00403 00014 2010-09-29 15:30:25
21248 2011 00008 00140 1000000.00           0000000050 00403 00014 2010-09-29 15:30:25
21249 2011 00008 00141 50.00                0000000050 00403 00014 2010-09-29 15:30:25
21250 2011 00008 00150 150.00               0000000150 00403 00014 2010-09-29 15:30:25
21251 2011 00008 00153 150.00               0000000150 00403 00014 2010-09-29 15:30:25
21252 2011 00008 00154 150.00               0000000150 00403 00014 2010-09-29 15:30:25
21253 2011 00008 00155 150.00               0000000150 00403 00014 2010-09-29 15:30:25
21254 2011 00008 00157 9.00                 0000000090 00403 00014 2010-09-29 15:30:25
21255 2011 00008 00376 125.00               0000000125 00403 00014 2010-09-29 15:30:25
21256 2011 00009 00302 20.00                0000000020 00403 00014 2010-09-29 15:32:55
21257 2011 00009 00305 1.00                 0000000020 00403 00014 2010-09-29 15:32:55
21258 2011 00009 00309 5.00                 0000000100 00403 00014 2010-09-29 15:32:55
21259 2011 00009 00310 3.00                 0000000020 00403 00014 2010-09-29 15:32:55
21260 2011 00010 00054 50.00                0000000035 00403 00014 2010-09-29 15:34:53
21261 2011 00010 00378 50.00                0000000050 00403 00014 2010-09-29 15:34:53
21262 2011 00011 00012 1.00                 0000000002 00403 00014 2010-09-29 15:39:12
21263 2011 00011 00016 10.00                0000000010 00403 00014 2010-09-29 15:39:12
21264 2011 00011 00021 10.00                0000000010 00403 00014 2010-09-29 15:39:12
21265 2011 00011 00029 3.00                 0000000045 00403 00014 2010-09-29 15:39:12
21266 2011 00011 00030 3.00                 0000000003 00403 00014 2010-09-29 15:39:12
21267 2011 00011 00031 3.00                 0000000003 00403 00014 2010-09-29 15:39:12
21268 2011 00011 00363 30.00                0000000045 00403 00014 2010-09-29 15:39:12
21269 2011 00011 00379 45.00                0000000045 00403 00014 2010-09-29 15:39:12
21282 2011 00012 00292 3.00                 0000000003 00403 00014 2010-09-29 15:42:14
21283 2011 00012 00294 1.00                 0000000020 00403 00014 2010-09-29 15:42:14
21284 2011 00012 00296 1.00                 0000000020 00403 00014 2010-09-29 15:42:14
21285 2011 00012 00298 1.00                 0000000020 00403 00014 2010-09-29 15:42:14
21286 2011 00012 00380 6.00                 0000000006 00403 00014 2010-09-29 15:42:14
21287 2011 00018 00330 2.00                 0000000040 00403 00014 2010-09-29 15:43:53
21288 2011 00018 00331 2.00                 0000000020 00403 00014 2010-09-29 15:43:53
21289 2011 00018 00341 2.00                 0000000020 00403 00014 2010-09-29 15:43:53
21297 2011 00020 00194 100.00               0000000100 00403 00014 2010-09-29 15:46:46
21298 2011 00021 00132 240.00               0000000240 00403 00014 2010-09-29 15:47:30
21311 2011 00027 00247 240.00               0000000025 00403 00014 2010-09-29 15:52:04
21312 2011 00027 00248 75.00                0000000050 00403 00014 2010-09-29 15:52:04
21313 2011 00027 00385 20.00                0000000025 00403 00014 2010-09-29 15:52:04
21314 2011 00027 00386 50.00                0000000050 00403 00014 2010-09-29 15:52:04
21315 2011 00023 00177 1.00                 0000000013 00403 00014 2010-09-29 15:56:38
21316 2011 00023 00178 13.00                0000000013 00403 00014 2010-09-29 15:56:38
21318 2011 00023 00182 1.00                 0000000013 00403 00014 2010-09-29 15:56:38
21319 2011 00003 00056 5.00                 0000000100 00403 00014 2010-09-29 15:57:49
21320 2011 00003 00057 5.00                 0000000100 00403 00014 2010-09-29 15:57:49
21321 2011 00003 00058 5.00                 0000000100 00403 00014 2010-09-29 15:57:49
21346 2011 00021 00133 20.00                0000000240 00403 00014 2010-09-29 16:08:09
21347 2011 00023 00179 1.00                 0000000013 00403 00014 2010-09-29 16:10:02
37912 2012 00007 00074 2.00                 0000000040 00403 00014 2011-12-06 11:50:02
37927 2012 00008 00138 250000.00            0000000075 00403 00014 2011-12-06 12:11:39
37928 2012 00008 00139 75.00                0000000075 00403 00014 2012-01-18 14:14:07
37929 2012 00008 00140 1000000.00           0000000050 00403 00014 2011-12-06 12:11:39
37930 2012 00008 00141 50.00                0000000050 00403 00014 2011-12-06 12:11:39
37931 2012 00008 00150 150.00               0000000150 00403 00014 2011-12-06 12:11:39
37935 2012 00008 00376 150.00               0000000150 00403 00014 2011-12-06 12:11:39
38176 2012 00009 00302 20.00                0000000020 00403 00014 2011-12-06 17:07:56
38177 2012 00009 00305 1.00                 0000000020 00403 00014 2011-12-06 17:07:56
38178 2012 00009 00309 5.00                 0000000100 00403 00014 2011-12-06 17:07:56
38179 2012 00009 00310 3.00                 0000000030 00403 00014 2011-12-06 17:07:56
38180 2012 00009 00312 30.00                0000000005 00403 00014 2011-12-06 17:07:56
38185 2012 00010 00054 50.00                0000000050 00403 00014 2011-12-06 17:11:18
38186 2012 00010 00378 50.00                0000000050 00403 00014 2011-12-06 17:11:18
38207 2012 00011 00012 1.50                 0000000003 00403 00014 2011-12-06 17:20:42
38208 2012 00011 00016 10.00                0000000010 00403 00014 2011-12-06 17:20:42
38209 2012 00011 00021 10.00                0000000010 00403 00014 2011-12-06 17:20:42
38210 2012 00011 00033 1.00                 0000000001 00403 00014 2011-12-06 17:20:42
38211 2012 00011 00363 22.50                0000000024 00403 00014 2011-12-06 17:23:33
38212 2012 00011 00379 24.00                0000000024 00403 00014 2011-12-06 17:23:33
38214 2012 00012 00292 3.00                 0000000003 00403 00014 2011-12-06 17:30:01
38215 2012 00012 00294 1.00                 0000000020 00403 00014 2011-12-06 17:30:01
38216 2012 00012 00296 1.00                 0000000020 00403 00014 2011-12-06 17:30:01
38226 2012 00018 00330 2.00                 0000000040 00403 00014 2011-12-06 17:33:16
38227 2012 00018 00331 2.00                 0000000040 00403 00014 2011-12-06 17:33:16
38228 2012 00018 00341 2.00                 0000000040 00403 00014 2011-12-06 17:33:16
38231 2012 00020 00194 200.00               0000000200 00403 00014 2011-12-06 17:35:39
38238 2012 00023 00177 2.00                 0000000030 00403 00014 2011-12-06 17:37:56
38239 2012 00023 00178 30.00                0000000030 00403 00014 2011-12-06 17:37:56
38244 2012 00027 00247 240.00               0000000025 00403 00014 2011-12-06 17:42:48
38245 2012 00027 00249 75.00                0000000050 00403 00014 2011-12-06 17:42:48
38246 2012 00027 00385 20.00                0000000025 00403 00014 2011-12-06 17:42:48
38254 2012 00015 00062 2.00                 0000000020 00403 00014 2011-12-06 17:54:34
38255 2012 00015 00382 20.00                0000000020 00403 00014 2011-12-06 17:54:34
41186 2012 00012 00380 20.00                0000000020 00403 00014 2011-12-08 11:19:16
41394 2012 00001 00342 250.00               0000000304 00403 00014 2011-12-08 14:39:47
41395 2012 00001 00344 2000.00              0000000304 00403 00014 2011-12-08 14:39:47
41396 2012 00001 00347 2500.00              0000000304 00403 00014 2011-12-08 14:39:47
41397 2012 00001 00366 156.00               0000000156 00403 00014 2011-12-08 14:39:47
41406 2012 00002 00367 304.00               0000000304 00403 00014 2011-12-08 14:44:25
41407 2012 00002 00372 250.00               0000000304 00403 00014 2011-12-08 14:44:25
41408 2012 00003 00056 11.00                0000000275 00403 00014 2011-12-08 14:45:57
41435 2012 00006 00196 90.00                0000000030 00403 00014 2011-12-08 14:54:52
41436 2012 00006 00198 30.00                0000000010 00403 00014 2011-12-08 14:54:52
41437 2012 00006 00202 5.00                 0000000030 00403 00014 2011-12-08 14:54:52
41438 2012 00006 00203 10.00                0000000030 00403 00014 2011-12-08 14:54:52
41439 2012 00006 00204 10.00                0000000030 00403 00014 2011-12-08 14:54:52
41440 2012 00006 00205 30.00                0000000030 00403 00014 2011-12-08 14:54:52
41441 2012 00006 00206 30.00                0000000030 00403 00014 2011-12-08 14:54:52
41443 2012 00006 00213 90.00                0000000030 00403 00014 2011-12-08 14:54:52
41456 2012 00008 00153 11.00                0000000180 00403 00014 2011-12-08 15:00:50
41457 2012 00008 00154 11.00                0000000080 00403 00014 2011-12-08 15:00:50
41458 2012 00008 00155 11.00                0000000080 00403 00014 2011-12-08 15:00:50
41459 2012 00010 00054 50.00                0000000050 00403 00014 2011-12-08 15:02:24
41460 2012 00010 00378 0.00                 0000000000 00403 00014 2012-01-17 16:31:40
41478 2012 00029 00067 1.00                 0000000020 00403 00014 2011-12-08 15:15:24
41479 2012 00029 00069 1.00                 0000000020 00403 00014 2011-12-08 15:15:24
41480 2012 00029 00071 20.00                0000000020 00403 00014 2011-12-08 15:15:24
41508 2012 00003 00057 1.00                 0000000020 00403 00014 2011-12-08 15:21:03
41555 2012 00023 00180 2.00                 0000000053 00403 00014 2011-12-08 15:41:22
42627 2012 00002 00238 500.00               0000000304 00403 00014 2011-12-10 15:42:24
42628 2012 00003 00058 12.00                0000000220 00403 00014 2011-12-10 15:58:10
42629 2012 00006 00210 30.00                0000000030 00403 00014 2011-12-10 15:59:38
42630 2012 00006 00211 90.00                0000000030 00403 00014 2011-12-10 15:59:38
42631 2012 00006 00212 90.00                0000000030 00403 00014 2011-12-10 15:59:38
42636 2012 00002 00240 300.00               0000000304 00403 00014 2011-12-10 16:02:41
47546 2012 00003 00408 0.00                 0000000000 00403 00014 2011-09-30 18:00:00
47547 2012 00007 00375 0.00                 0000000000 00403 00014 2011-09-30 18:00:00
47548 2012 00008 00409 0.00                 0000000000 00403 00014 2011-09-30 18:00:00
47549 2012 00009 00410 0.00                 0000000000 00403 00014 2011-09-30 18:00:00
47550 2012 00018 00412 0.00                 0000000000 00403 00014 2011-09-30 18:00:00
47551 2012 00020 00414 0.00                 0000000000 00403 00014 2011-09-30 18:00:00
47552 2012 00023 00417 0.00                 0000000000 00403 00014 2011-09-30 18:00:00
47553 2012 00027 00421 0.00                 0000000000 00403 00014 2011-09-30 18:00:00
47554 2012 00029 00423 0.00                 0000000000 00403 00014 2011-09-30 18:00:00
