26710 2012 00008 00138 3  2500.00         2012-01-21 00:00:00 00403 00014 08769 1           00176                                                                                                                                                                                                           0.00           
26711 2012 00027 00249 3  0.00            2012-01-21 00:00:00 00403 00014 08769 1           00027                                                                                                                                                                                                           0.00           
26712 2012 00009 00312 1  5.00            2012-01-04 00:00:00 00403 00014 08763 1           00015                                                                                                                                                                                                           0.00           
26713 2012 00027 00249 2  2.00            2012-01-13 00:00:00 00403 00014 08785 1           00007                                                                                                                                                                                                           0.00           
26714 2012 00009 00312 1  2.00            2012-01-04 00:00:00 00403 00014 08764 1           00015                                                                                                                                                                                                           0.00           
26715 2012 00027 00249 11 5.00            2012-03-13 00:00:00 00403 00014 08776 1           00007                                                                                                                                                                                                           0.00           
26716 2012 00009 00312 1  3.00            2012-01-04 00:00:00 00403 00014 08765 1           00015                                                                                                                                                                                                           0.00           
26717 2012 00009 00312 1  3.00            2012-01-04 00:00:00 00403 00014 08767 1           00015                                                                                                                                                                                                           0.00           
26718 2012 00008 00138 2  2500.00         2012-01-13 00:00:00 00403 00014 08766 1           00174                                                                                                                                                                                                           0.00           
26719 2012 00027 00249 2  0.00            2012-01-13 00:00:00 00403 00014 08766 1           00027                                                                                                                                                                                                           0.00           
26720 2012 00008 00150 2  1.00            2012-01-13 00:00:00 00403 00014 08768 1           00174                                                                                                                                                                                                           0.00           
26721 2012 00008 00150 1  1.00            2012-01-03 00:00:00 00403 00014 08762 1           00174                                                                                                                                                                                                           0.00           
26722 2012 00008 00150 1  1.00            2012-01-03 00:00:00 00403 00014 08762 1           00176                                                                                                                                                                                                           0.00           
26723 2012 00027 00249 1  0.00            2012-01-03 00:00:00 00403 00014 08762 1           00007                                                                                                                                                                                                           0.00           
26724 2012 00011 00016 2  0.00            2012-01-10 00:00:00 00403 00014 08770 1           00011                                                                                                                                                                                                           0.00           
26725 2012 00008 00138 3  2500.00         2012-01-21 00:00:00 00403 00014 08771 1           00183                                                                                                                                                                                                           0.00           
26726 2012 00027 00249 3  11250.00        2012-01-21 00:00:00 00403 00014 08771 1           00027                                                                                                                                                                                                           0.00           
26727 2012 00008 00138 3  2500.00         2012-01-21 00:00:00 00403 00014 08772 1           00183                                                                                                                                                                                                           0.00           
26728 2012 00027 00249 3  0.00            2012-01-21 00:00:00 00403 00014 08772 1           00027                                                                                                                                                                                                           0.00           
26729 2012 00008 00138 3  2500.00         2012-01-21 00:00:00 00403 00014 08773 1           00183                                                                                                                                                                                                           0.00           
26730 2012 00027 00249 3  1.00            2012-01-21 00:00:00 00403 00014 08773 1           00027                                                                                                                                                                                                           0.00           
26731 2012 00008 00138 3  2492.00         2012-01-21 00:00:00 00403 00014 08774 1           00183                                                                                                                                                                                                           0.00           
26732 2012 00027 00249 3  1.00            2012-01-21 00:00:00 00403 00014 08774 1           00027                                                                                                                                                                                                           0.00           
26733 2012 00008 00138 3  2500.00         2012-01-21 00:00:00 00403 00014 08777 1           00183                                                                                                                                                                                                           0.00           
26734 2012 00027 00249 3  1.00            2012-01-21 00:00:00 00403 00014 08777 1           00027                                                                                                                                                                                                           0.00           
26735 2012 00008 00150 9  1.00            2012-02-27 00:00:00 00403 00014 08782 1           00174                                                                                                                                                                                                           0.00           
26736 2012 00008 00150 9  1.00            2012-02-27 00:00:00 00403 00014 08782 1           00176                                                                                                                                                                                                           0.00           
26737 2012 00027 00249 2  6.00            2012-01-14 00:00:00 00403 00014 08775 1           00007                                                                                                                                                                                                           0.00           
26738 2012 00027 00249 2  6.00            2012-01-13 00:00:00 00403 00014 08781 1           00007                                                                                                                                                                                                           0.00           
26739 2012 00027 00249 2  5.00            2012-01-13 00:00:00 00403 00014 08784 1           00007                                                                                                                                                                                                           0.00           
178630 2012 00020 00194 20 0.00            2012-05-17 10:31:36 00420 00014 00000 323         00000                                                                                                                                                                                                           323.00         
178631 2012 00020 00414 20 0.00            2012-05-17 10:31:49 00420 00014 00000 323         00000                                                                                                                                                                                                           0.00           
