04786 2011 00001 00342 500.00               0000000500 00303 00067 2010-08-31 10:00:00
04787 2011 00001 00344 5000.00              0000000500 00303 00067 2010-08-31 10:00:00
04788 2011 00001 00345 5000.00              0000000500 00303 00067 2010-08-31 10:00:00
04789 2011 00001 00347 5000.00              0000000500 00303 00067 2010-08-31 10:00:00
04790 2011 00001 00348 100.00               0000000010 00303 00067 2010-08-31 10:00:00
04797 2011 00002 00243 150.00               0000000010 00303 00067 2010-08-31 10:00:00
04798 2011 00002 00245 350.00               0000000500 00303 00067 2010-08-31 10:00:00
04803 2011 00004 00192 4.00                 0000000060 00303 00067 2010-08-31 10:00:00
04804 2011 00004 00193 60.00                0000000060 00303 00067 2010-08-31 10:00:00
04838 2011 00007 00072 10.00                0000000030 00303 00067 2010-08-31 10:00:00
04839 2011 00007 00081 5.00                 0000000005 00303 00067 2010-08-31 10:00:00
04849 2011 00011 00011 5.00                 0000000010 00303 00067 2010-08-31 10:00:00
04850 2011 00011 00012 10.00                0000000010 00303 00067 2010-08-31 10:00:00
04851 2011 00011 00017 10.00                0000000020 00303 00067 2010-08-31 10:00:00
04852 2011 00011 00021 3.00                 0000000010 00303 00067 2010-08-31 10:00:00
04853 2011 00012 00281 2.00                 0000000010 00303 00067 2010-08-31 10:00:00
04854 2011 00012 00284 5.00                 0000000015 00303 00067 2010-08-31 10:00:00
04855 2011 00012 00286 1.00                 0000000008 00303 00067 2010-08-31 10:00:00
04856 2011 00012 00287 1.00                 0000000006 00303 00067 2010-08-31 10:00:00
04857 2011 00012 00289 1.00                 0000000004 00303 00067 2010-08-31 10:00:00
04861 2011 00016 00096 1000.00              0000000050 00303 00067 2010-08-31 10:00:00
04869 2011 00018 00323 1.00                 0000000010 00303 00067 2010-08-31 10:00:00
04870 2011 00018 00325 2.00                 0000000010 00303 00067 2010-08-31 10:00:00
04871 2011 00018 00329 2.00                 0000000060 00303 00067 2010-08-31 10:00:00
04872 2011 00018 00332 2.00                 0000000060 00303 00067 2010-08-31 10:00:00
04873 2011 00020 00194 500.00               0000000500 00303 00067 2010-08-31 10:00:00
04874 2011 00023 00177 2.00                 0000000080 00303 00067 2010-08-31 10:00:00
04875 2011 00023 00179 2.00                 0000000080 00303 00067 2010-08-31 10:00:00
04876 2011 00023 00182 4.00                 0000000080 00303 00067 2010-08-31 10:00:00
04877 2011 00025 00001 2.00                 0000000060 00303 00067 2010-08-31 10:00:00
04878 2011 00025 00002 8.00                 0000000008 00303 00067 2010-08-31 10:00:00
04879 2011 00025 00007 10.00                0000000006 00303 00067 2010-08-31 10:00:00
04880 2011 00025 00008 2.00                 0000000010 00303 00067 2010-08-31 10:00:00
04889 2011 00027 00247 500.00               0000000050 00303 00067 2010-08-31 10:00:00
04890 2011 00027 00248 20.00                0000000003 00303 00067 2010-08-31 10:00:00
04891 2011 00027 00249 160.00               0000000012 00303 00067 2010-08-31 10:00:00
04892 2011 00027 00250 3.00                 0000000010 00303 00067 2010-08-31 10:00:00
12039 2011 00002 00238 300.00               0000000500 00303 00067 2010-09-08 10:52:45
12040 2011 00002 00359 500.00               0000000500 00303 00067 2010-09-08 10:52:45
12041 2011 00002 00361 10.00                0000000010 00303 00067 2010-09-08 10:52:45
12042 2011 00002 00365 500.00               0000000500 00303 00067 2010-09-08 10:52:45
12043 2011 00002 00367 1000.00              0000001000 00303 00067 2010-09-08 10:52:45
12044 2011 00002 00373 500.00               0000000500 00303 00067 2010-09-08 10:52:45
12133 2011 00003 00056 15.00                0000000750 00303 00067 2010-09-08 11:04:06
12134 2011 00003 00057 3.00                 0000000060 00303 00067 2010-09-08 11:04:06
12135 2011 00003 00058 3.00                 0000000060 00303 00067 2010-09-08 11:04:06
12206 2011 00004 00186 30.00                0000000060 00303 00067 2010-09-08 11:09:24
12207 2011 00004 00362 30.00                0000000060 00303 00067 2010-09-08 11:09:24
12332 2011 00006 00196 2500.00              0000000750 00303 00067 2010-09-08 11:31:32
12333 2011 00006 00202 15.00                0000000225 00303 00067 2010-09-08 11:31:32
12334 2011 00006 00204 25.00                0000000050 00303 00067 2010-09-08 11:31:32
12335 2011 00006 00205 100.00               0000000200 00303 00067 2010-09-08 11:31:32
12336 2011 00006 00206 100.00               0000000200 00303 00067 2010-09-08 11:31:32
12337 2011 00006 00210 750.00               0000000750 00303 00067 2010-09-08 11:31:32
12338 2011 00006 00211 2500.00              0000000750 00303 00067 2010-09-08 11:31:32
12339 2011 00006 00212 2500.00              0000000750 00303 00067 2010-09-08 11:31:32
12340 2011 00006 00213 2500.00              0000000750 00303 00067 2010-09-08 11:31:32
12377 2011 00007 00074 3.00                 0000000060 00303 00067 2010-09-08 11:37:26
12378 2011 00007 00079 1.00                 0000000020 00303 00067 2010-09-08 11:37:26
12379 2011 00007 00375 30.00                0000000030 00303 00067 2010-09-08 11:37:26
12415 2011 00008 00138 900000.00            0000000450 00303 00067 2010-09-08 11:50:44
12416 2011 00008 00139 450.00               0000000450 00303 00067 2010-09-08 11:50:44
12417 2011 00008 00142 150000.00            0000000015 00303 00067 2010-09-08 11:50:44
12418 2011 00008 00143 15.00                0000000015 00303 00067 2010-09-08 11:50:44
12419 2011 00008 00150 300.00               0000000300 00303 00067 2010-09-08 11:50:44
12420 2011 00008 00153 30.00                0000000500 00303 00067 2010-09-08 11:50:44
12421 2011 00008 00154 30.00                0000000450 00303 00067 2010-09-08 11:50:44
12422 2011 00008 00155 30.00                0000000450 00303 00067 2010-09-08 11:50:44
12423 2011 00008 00376 465.00               0000000465 00303 00067 2010-09-08 11:50:44
12460 2011 00011 00012 10.00                0000000010 00303 00067 2010-09-08 12:02:16
12461 2011 00011 00016 20.00                0000000020 00303 00067 2010-09-08 12:02:16
12776 2011 00011 00016 10.00                0000000010 00303 00067 2010-09-08 14:38:25
12783 2011 00011 00017 10.00                0000000010 00303 00067 2010-09-08 14:39:55
12785 2011 00011 00363 78.00                0000000100 00303 00067 2010-09-08 14:41:08
12786 2011 00011 00379 100.00               0000000100 00303 00067 2010-09-08 14:41:08
12798 2011 00012 00380 43.00                0000000043 00303 00067 2010-09-08 14:43:00
12842 2011 00013 00098 180.00               0000000060 00303 00067 2010-09-08 14:50:51
12843 2011 00013 00104 180.00               0000000060 00303 00067 2010-09-08 14:50:51
12844 2011 00013 00108 6.00                 0000000060 00303 00067 2010-09-08 14:50:51
12845 2011 00013 00111 50.00                0000000060 00303 00067 2010-09-08 14:50:51
12846 2011 00013 00368 60.00                0000000060 00303 00067 2010-09-08 14:50:51
12905 2011 00016 00096 1000.00              0000000050 00303 00067 2010-09-08 14:57:28
12906 2011 00016 00097 2000.00              0000000100 00303 00067 2010-09-08 14:57:28
12907 2011 00016 00383 100.00               0000000100 00303 00067 2010-09-08 14:57:28
12969 2011 00022 00252 200.00               0000000180 00303 00067 2010-09-08 15:06:28
12970 2011 00022 00253 200.00               0000000180 00303 00067 2010-09-08 15:06:28
13078 2011 00022 00254 1600.00              0000000180 00303 00067 2010-09-08 15:17:09
13123 2011 00025 00010 1.00                 0000000001 00303 00067 2010-09-08 15:20:39
13124 2011 00026 00265 8.00                 0000000008 00303 00067 2010-09-08 15:22:26
13125 2011 00026 00268 10.00                0000000010 00303 00067 2010-09-08 15:22:26
13173 2011 00029 00067 3.00                 0000000060 00303 00067 2010-09-08 15:29:21
13174 2011 00029 00069 3.00                 0000000060 00303 00067 2010-09-08 15:29:21
13175 2011 00029 00071 60.00                0000000060 00303 00067 2010-09-08 15:29:21
34303 2012 00004 00192 4.00                 0000000070 00304 00067 2011-11-28 16:24:32
34306 2012 00006 00202 30.00                0000000750 00304 00067 2011-11-28 16:29:07
34307 2012 00006 00209 50.00                0000000010 00304 00067 2011-11-28 16:29:07
34308 2012 00006 00210 750.00               0000000750 00304 00067 2011-11-28 16:29:07
34309 2012 00006 00211 2250.00              0000000750 00304 00067 2011-11-28 16:29:07
34310 2012 00006 00212 2250.00              0000000750 00304 00067 2011-11-28 16:29:07
34317 2012 00007 00072 10.00                0000000015 00304 00067 2011-11-28 16:40:48
34319 2012 00007 00375 15.00                0000000015 00304 00067 2011-11-28 16:40:48
34320 2012 00008 00138 875000.00            0000000350 00304 00067 2011-11-28 16:54:43
34321 2012 00008 00139 350.00               0000000350 00304 00067 2011-11-28 16:54:43
34322 2012 00008 00142 30000.00             0000000003 00304 00067 2011-11-28 16:54:43
34323 2012 00008 00143 3.00                 0000000003 00304 00067 2011-11-28 16:54:43
34324 2012 00008 00146 105000.00            0000000007 00304 00067 2011-11-28 16:54:43
34325 2012 00008 00147 7.00                 0000000007 00304 00067 2011-11-28 16:54:43
34330 2012 00008 00376 360.00               0000000360 00304 00067 2011-11-28 16:54:43
34333 2012 00011 00017 2.00                 0000000002 00304 00067 2011-11-28 17:01:43
34334 2012 00011 00019 1.00                 0000000001 00304 00067 2011-11-28 17:01:43
34335 2012 00011 00021 2.00                 0000000002 00304 00067 2011-11-28 17:01:43
34338 2012 00012 00281 2.00                 0000000010 00304 00067 2011-11-28 17:04:58
34339 2012 00012 00284 5.00                 0000000015 00304 00067 2011-11-28 17:04:58
34340 2012 00012 00286 1.00                 0000000010 00304 00067 2011-11-28 17:04:58
34341 2012 00012 00287 1.00                 0000000006 00304 00067 2011-11-28 17:04:58
34342 2012 00012 00290 1.00                 0000000002 00304 00067 2011-11-28 17:04:58
34343 2012 00012 00294 1.00                 0000000043 00304 00067 2011-11-28 17:04:58
34344 2012 00012 00380 43.00                0000000043 00304 00067 2012-01-18 10:25:09
34345 2012 00013 00104 200.00               0000000040 00304 00067 2011-11-28 17:07:29
34347 2012 00014 00120 50.00                0000000025 00304 00067 2011-11-28 17:09:34
34352 2012 00026 00265 8.00                 0000000008 00304 00067 2011-11-28 17:21:55
34354 2012 00027 00247 500.00               0000000050 00304 00067 2011-11-28 17:26:29
34355 2012 00027 00248 50.00                0000000010 00304 00067 2011-11-28 17:26:29
34356 2012 00027 00249 70.00                0000000020 00304 00067 2011-11-28 17:26:29
34360 2012 00023 00179 2.00                 0000000060 00304 00067 2011-11-28 17:35:04
34847 2012 00025 00002 8.00                 0000000008 00303 00067 2011-11-29 09:37:48
34848 2012 00019 00407 18000.00             0000000021 00303 00067 2011-11-29 09:39:03
36785 2012 00023 00177 2.00                 0000000060 00303 00067 2011-12-05 10:24:35
36786 2012 00023 00178 2.00                 0000000060 00303 00067 2011-12-05 10:24:35
42010 2012 00001 00345 1000.00              0000000100 00303 00067 2011-12-09 08:39:07
42011 2012 00001 00347 7000.00              0000000700 00303 00067 2011-12-09 08:39:07
42012 2012 00001 00348 200.00               0000000010 00303 00067 2011-12-09 08:39:07
42013 2012 00001 00357 200.00               0000000010 00303 00067 2011-12-09 08:39:07
42014 2012 00001 00366 700.00               0000000700 00303 00067 2011-12-09 08:39:07
42022 2012 00001 00342 700.00               0000000700 00303 00067 2011-12-09 08:44:42
42023 2012 00001 00344 3000.00              0000000300 00303 00067 2011-12-09 08:44:42
42030 2012 00002 00241 20.00                0000000010 00303 00067 2011-12-09 08:51:08
42031 2012 00002 00243 600.00               0000000010 00303 00067 2011-12-09 08:51:08
42033 2012 00002 00360 20.00                0000000010 00303 00067 2011-12-09 08:51:08
42034 2012 00002 00361 20.00                0000000010 00303 00067 2011-12-09 08:51:08
42035 2012 00002 00372 610.00               0000000610 00303 00067 2011-12-09 08:51:08
42036 2012 00002 00373 200.00               0000000200 00303 00067 2011-12-09 08:51:08
42051 2012 00003 00056 15.00                0000000450 00303 00067 2011-12-09 08:56:28
42052 2012 00003 00057 3.00                 0000000060 00303 00067 2011-12-09 08:56:28
42065 2012 00004 00186 50.00                0000000100 00303 00067 2011-12-09 09:02:10
42066 2012 00004 00187 50.00                0000000100 00303 00067 2011-12-09 09:02:10
42067 2012 00004 00193 100.00               0000000100 00303 00067 2011-12-09 09:02:10
42068 2012 00004 00362 50.00                0000000100 00303 00067 2011-12-09 09:02:10
42073 2012 00006 00196 2250.00              0000000750 00303 00067 2011-12-09 09:08:52
42074 2012 00006 00204 300.00               0000000300 00303 00067 2011-12-09 09:08:52
42075 2012 00006 00205 500.00               0000000500 00303 00067 2011-12-09 09:08:52
42076 2012 00006 00206 500.00               0000000500 00303 00067 2011-12-09 09:08:52
42077 2012 00006 00213 2250.00              0000000750 00303 00067 2011-12-09 09:08:52
42090 2012 00007 00074 1.00                 0000000020 00303 00067 2011-12-09 09:11:59
42091 2012 00007 00075 3.00                 0000000060 00303 00067 2011-12-09 09:11:59
42092 2012 00007 00375 45.00                0000000045 00303 00067 2011-12-09 09:11:59
42099 2012 00008 00153 20.00                0000000400 00303 00067 2011-12-09 09:18:12
42100 2012 00008 00154 20.00                0000000350 00303 00067 2011-12-09 09:18:12
42101 2012 00008 00155 20.00                0000000350 00303 00067 2011-12-09 09:18:12
42109 2012 00010 00043 10.00                0000000030 00303 00067 2011-12-09 09:22:30
42110 2012 00010 00047 5.00                 0000000005 00303 00067 2011-12-09 09:22:30
42111 2012 00010 00378 30.00                0000000030 00303 00067 2011-12-09 09:22:30
42118 2012 00011 00014 10.00                0000000020 00303 00067 2011-12-09 09:27:54
42119 2012 00011 00016 10.00                0000000020 00303 00067 2011-12-09 09:27:54
42127 2012 00011 00011 20.00                0000000040 00303 00067 2011-12-09 09:33:56
42128 2012 00011 00012 10.00                0000000010 00303 00067 2011-12-09 09:33:56
42129 2012 00011 00017 38.00                0000000048 00303 00067 2011-12-09 09:33:56
42130 2012 00011 00363 90.00                0000000120 00303 00067 2011-12-09 09:33:56
42131 2012 00011 00379 120.00               0000000120 00303 00067 2011-12-09 09:33:56
42133 2012 00013 00098 200.00               0000000040 00303 00067 2011-12-09 09:36:55
42134 2012 00013 00108 3.00                 0000000040 00303 00067 2011-12-09 09:36:55
42135 2012 00013 00111 100.00               0000000040 00303 00067 2011-12-09 09:36:55
42140 2012 00013 00368 40.00                0000000040 00303 00067 2011-12-09 09:37:57
42141 2012 00014 00114 50.00                0000000025 00303 00067 2011-12-09 09:40:22
42142 2012 00014 00125 2.00                 0000000025 00303 00067 2011-12-09 09:40:22
42143 2012 00014 00128 20.00                0000000020 00303 00067 2011-12-09 09:40:22
42144 2012 00014 00381 25.00                0000000025 00303 00067 2011-12-09 09:40:22
42145 2012 00016 00091 15.00                0000000002 00303 00067 2011-12-09 09:47:04
42146 2012 00016 00092 1.00                 0000000020 00303 00067 2011-12-09 09:47:04
42147 2012 00016 00093 225.00               0000000002 00303 00067 2011-12-09 09:47:04
42148 2012 00016 00094 100.00               0000000010 00303 00067 2011-12-09 09:47:04
42149 2012 00016 00095 10.00                0000000010 00303 00067 2011-12-09 09:47:04
42150 2012 00016 00096 3000.00              0000000150 00303 00067 2011-12-09 09:47:04
42151 2012 00016 00097 3000.00              0000000150 00303 00067 2011-12-09 09:47:04
42152 2012 00016 00383 150.00               0000000150 00303 00067 2011-12-09 09:47:04
42155 2012 00019 00402 20.00                0000000040 00303 00067 2011-12-09 09:50:33
42156 2012 00019 00403 10.00                0000000020 00303 00067 2011-12-09 09:50:33
42159 2012 00020 00194 520.00               0000000520 00303 00067 2011-12-09 09:52:41
42163 2012 00022 00252 400.00               0000000400 00303 00067 2011-12-09 09:55:32
42164 2012 00022 00253 400.00               0000000400 00303 00067 2011-12-09 09:55:32
42165 2012 00022 00254 3200.00              0000000400 00303 00067 2011-12-09 09:55:32
42168 2012 00025 00010 1.00                 0000000001 00303 00067 2011-12-09 09:58:17
42169 2012 00027 00385 60.00                0000000050 00303 00067 2011-12-09 10:03:26
42170 2012 00027 00386 5.00                 0000000010 00303 00067 2011-12-09 10:03:26
42171 2012 00027 00387 3.00                 0000000010 00303 00067 2011-12-09 10:03:26
42172 2012 00027 00250 30.00                0000000010 00303 00067 2011-12-09 10:04:47
42184 2012 00007 00079 1.00                 0000000020 00303 00067 2011-12-09 10:11:58
42194 2012 00003 00058 1.00                 0000000020 00303 00067 2011-12-09 10:17:18
42199 2012 00029 00067 4.00                 0000000080 00303 00067 2011-12-09 10:21:44
42200 2012 00029 00069 4.00                 0000000080 00303 00067 2011-12-09 10:21:44
42201 2012 00029 00071 80.00                0000000080 00303 00067 2011-12-09 10:21:44
48129 2012 00002 00367 0.00                 0000000000 00303 00067 2011-09-30 18:00:00
48130 2012 00003 00408 0.00                 0000000000 00303 00067 2011-09-30 18:00:00
48131 2012 00008 00409 0.00                 0000000000 00304 00067 2011-09-30 18:00:00
48132 2012 00019 00413 0.00                 0000000000 00303 00067 2011-09-30 18:00:00
48133 2012 00020 00414 0.00                 0000000000 00303 00067 2011-09-30 18:00:00
48134 2012 00022 00416 0.00                 0000000000 00303 00067 2011-09-30 18:00:00
48135 2012 00023 00417 0.00                 0000000000 00304 00067 2011-09-30 18:00:00
48136 2012 00025 00419 0.00                 0000000000 00303 00067 2011-09-30 18:00:00
48137 2012 00026 00420 0.00                 0000000000 00304 00067 2011-09-30 18:00:00
48138 2012 00027 00421 0.00                 0000000000 00304 00067 2011-09-30 18:00:00
48139 2012 00029 00423 0.00                 0000000000 00303 00067 2011-09-30 18:00:00
