20300 2012 00017 00317 9  0.00            2012-02-27 00:00:00 00644 00087 06149 1           00093                                                                                                                                                                                                           0.00           
84204 2012 00020 00194 14 1.00            2012-04-04 00:00:00 00439 00087 15539 1           00114 REUNIÃO TERRA PRONTA                                                                                                                                                                                      0.00           
84205 2012 00020 00194 14 1.00            2012-04-04 00:00:00 00439 00087 16591 1           00114 REUNIÃO TERRA PRONTA                                                                                                                                                                                      0.00           
84206 2012 00020 00194 14 1.00            2012-04-04 00:00:00 00439 00087 23999 1           00114 REUNIÃO TERRA PRONTA                                                                                                                                                                                      0.00           
84207 2012 00020 00194 14 1.00            2012-04-04 00:00:00 00439 00087 24000 1           00114 REUNIÃO TERRA PRONTA                                                                                                                                                                                      0.00           
84208 2012 00019 00260 14 1.00            2012-04-02 00:00:00 00439 00087 06149 1           00203                                                                                                                                                                                                           0.00           
84209 2012 00019 00260 14 1.00            2012-04-04 00:00:00 00439 00087 12738 1           00203                                                                                                                                                                                                           0.00           
84210 2012 00019 00260 14 1.00            2012-04-04 00:00:00 00439 00087 12739 1           00203                                                                                                                                                                                                           0.00           
84211 2012 00008 00149 14 1.00            2012-04-05 00:00:00 00439 00087 24000 1           00183                                                                                                                                                                                                           0.00           
84212 2012 00019 00260 14 1.00            2012-04-04 00:00:00 00439 00087 12740 1           00203                                                                                                                                                                                                           0.00           
84213 2012 00008 00139 14 1.00            2012-04-05 00:00:00 00439 00087 12751 1           00182                                                                                                                                                                                                           0.00           
84214 2012 00019 00260 14 1.00            2012-04-04 00:00:00 00439 00087 12741 1           00203                                                                                                                                                                                                           0.00           
84215 2012 00019 00260 14 1.00            2012-04-04 00:00:00 00439 00087 12742 1           00203                                                                                                                                                                                                           0.00           
84216 2012 00008 00150 14 1.00            2012-04-05 00:00:00 00439 00087 23985 1           00182                                                                                                                                                                                                           0.00           
84217 2012 00019 00260 14 1.00            2012-04-04 00:00:00 00439 00087 12743 1           00203                                                                                                                                                                                                           0.00           
84218 2012 00019 00260 14 1.00            2012-04-04 00:00:00 00439 00087 12744 1           00203                                                                                                                                                                                                           0.00           
84219 2012 00019 00260 14 1.00            2012-04-04 00:00:00 00439 00087 12745 1           00203                                                                                                                                                                                                           0.00           
84220 2012 00019 00260 14 1.00            2012-04-04 00:00:00 00439 00087 12746 1           00203                                                                                                                                                                                                           0.00           
84221 2012 00019 00260 14 1.00            2012-04-04 00:00:00 00439 00087 12747 1           00203                                                                                                                                                                                                           0.00           
84222 2012 00019 00260 14 1.00            2012-04-04 00:00:00 00439 00087 12749 1           00203                                                                                                                                                                                                           0.00           
84223 2012 00019 00260 14 1.00            2012-04-04 00:00:00 00439 00087 12748 1           00203                                                                                                                                                                                                           0.00           
84224 2012 00019 00260 14 1.00            2012-04-04 00:00:00 00439 00087 12750 1           00203                                                                                                                                                                                                           0.00           
84225 2012 00019 00260 14 1.00            2012-04-04 00:00:00 00439 00087 12751 1           00203                                                                                                                                                                                                           0.00           
84226 2012 00019 00260 14 1.00            2012-04-04 00:00:00 00439 00087 12752 1           00203                                                                                                                                                                                                           0.00           
84227 2012 00019 00260 14 1.00            2012-04-04 00:00:00 00439 00087 12753 1           00203                                                                                                                                                                                                           0.00           
84228 2012 00019 00260 14 1.00            2012-04-04 00:00:00 00439 00087 12754 1           00203                                                                                                                                                                                                           0.00           
84229 2012 00019 00260 14 1.00            2012-04-04 00:00:00 00439 00087 16592 1           00203                                                                                                                                                                                                           0.00           
84230 2012 00019 00260 14 1.00            2012-04-04 00:00:00 00439 00087 16593 1           00203                                                                                                                                                                                                           0.00           
84231 2012 00019 00260 14 1.00            2012-04-04 00:00:00 00439 00087 16594 1           00203                                                                                                                                                                                                           0.00           
84232 2012 00019 00260 14 1.00            2012-04-04 00:00:00 00439 00087 16595 1           00203                                                                                                                                                                                                           0.00           
84233 2012 00019 00260 14 1.00            2012-04-04 00:00:00 00439 00087 16596 1           00203                                                                                                                                                                                                           0.00           
84234 2012 00019 00260 14 1.00            2012-04-04 00:00:00 00439 00087 16598 1           00203                                                                                                                                                                                                           0.00           
84235 2012 00019 00260 14 1.00            2012-04-04 00:00:00 00439 00087 16599 1           00203                                                                                                                                                                                                           0.00           
84236 2012 00019 00260 14 1.00            2012-04-04 00:00:00 00439 00087 16600 1           00203                                                                                                                                                                                                           0.00           
84237 2012 00019 00260 14 1.00            2012-04-04 00:00:00 00439 00087 16601 1           00203                                                                                                                                                                                                           0.00           
84238 2012 00019 00260 14 1.00            2012-04-04 00:00:00 00439 00087 16602 1           00203                                                                                                                                                                                                           0.00           
84239 2012 00019 00260 14 1.00            2012-04-04 00:00:00 00439 00087 16603 1           00203                                                                                                                                                                                                           0.00           
84240 2012 00019 00260 14 1.00            2012-04-04 00:00:00 00439 00087 16604 1           00203                                                                                                                                                                                                           0.00           
84241 2012 00008 00150 14 1.00            2012-04-04 00:00:00 00439 00087 23999 1           00182                                                                                                                                                                                                           0.00           
89615 2012 00012 00294 15 1.00            2012-04-10 00:00:00 00439 00087 00000 1           00067 PROJETO SISTEMA DE PRODUÇÃO AGRÍCOLA INTEGRADA SUSTENTÁVEL                                                                                                                                                0.00           
89616 2012 00012 00294 15 1.00            2012-04-10 00:00:00 00439 00087 16591 1           00067 PROJETO SISTEMA DE PRODUÇÃO AGRÍCOLA INTEGRADA SUSTENTÁVEL                                                                                                                                                0.00           
89617 2012 00012 00294 15 1.00            2012-04-10 00:00:00 00439 00087 23989 1           00067 PROJETO SISTEMA DE PRODUÇÃO AGRÍCOLA INTEGRADA SUSTENTÁVEL                                                                                                                                                0.00           
89618 2012 00007 00079 15 1.00            2012-04-10 00:00:00 00439 00087 00000 1           00067 CURSO EDUCAÇÃO AMBIENTAL                                                                                                                                                                                  0.00           
89619 2012 00007 00079 15 1.00            2012-04-10 00:00:00 00439 00087 16591 1           00067 CURSO EDUCAÇÃO AMBIENTAL                                                                                                                                                                                  0.00           
89620 2012 00020 00194 15 1.00            2012-04-12 00:00:00 00439 00087 00000 1           00114 TERRA PRONTA- OPERAÇÃO RECONSTRUÇÃO                                                                                                                                                                       0.00           
89621 2012 00003 00056 15 1.00            2012-04-13 00:00:00 00439 00087 00000 1           00021 REUNIAO COM AS MULHERES PESCADORAS DA COLONIA Z25                                                                                                                                                         0.00           
89622 2012 00008 00150 15 1.00            2012-04-09 00:00:00 00439 00087 16605 1           00174                                                                                                                                                                                                           0.00           
89623 2012 00008 00150 15 1.00            2012-04-09 00:00:00 00439 00087 16606 1           00174                                                                                                                                                                                                           0.00           
89624 2012 00008 00150 15 1.00            2012-04-09 00:00:00 00439 00087 23986 1           00174                                                                                                                                                                                                           0.00           
89625 2012 00008 00150 15 1.00            2012-04-09 00:00:00 00439 00087 23987 1           00174                                                                                                                                                                                                           0.00           
89626 2012 00019 00260 15 1.00            2012-04-09 00:00:00 00439 00087 23988 1           00203                                                                                                                                                                                                           0.00           
89627 2012 00008 00150 15 1.00            2012-04-09 00:00:00 00439 00087 23989 1           00174                                                                                                                                                                                                           0.00           
89628 2012 00012 00298 15 1.00            2012-04-09 00:00:00 00439 00087 23989 1           00067                                                                                                                                                                                                           0.00           
89629 2012 00008 00150 15 1.00            2012-04-09 00:00:00 00439 00087 23990 1           00174                                                                                                                                                                                                           0.00           
89630 2012 00008 00150 15 1.00            2012-04-09 00:00:00 00439 00087 23991 1           00174                                                                                                                                                                                                           0.00           
89631 2012 00008 00150 15 1.00            2012-04-09 00:00:00 00439 00087 23992 1           00174                                                                                                                                                                                                           0.00           
89632 2012 00008 00150 15 1.00            2012-04-09 00:00:00 00439 00087 23993 1           00174                                                                                                                                                                                                           0.00           
89633 2012 00008 00150 15 1.00            2012-04-09 00:00:00 00439 00087 23994 1           00174                                                                                                                                                                                                           0.00           
89634 2012 00008 00150 15 1.00            2012-04-09 00:00:00 00439 00087 23995 1           00174                                                                                                                                                                                                           0.00           
89635 2012 00008 00150 15 1.00            2012-04-09 00:00:00 00439 00087 23996 1           00174                                                                                                                                                                                                           0.00           
89636 2012 00008 00150 15 1.00            2012-04-09 00:00:00 00439 00087 23997 1           00174                                                                                                                                                                                                           0.00           
89637 2012 00008 00150 15 1.00            2012-04-09 00:00:00 00439 00087 23998 1           00174                                                                                                                                                                                                           0.00           
118597 2012 00008 00150 18 1.00            2012-05-04 00:00:00 00439 00087 24000 1           00183                                                                                                      0                                                                                                    0.00           
118598 2012 00020 00194 18 1.00            2012-05-04 00:00:00 00439 00087 24000 1           00114                                                                                                      0                                                                                                    0.00           
118599 2012 00012 00294 18 1.00            2012-04-30 00:00:00 00644 00087 30027 1           00007                                                                                                      0                                                                                                    0.00           
118600 2012 00012 00299 18 1.00            2012-04-30 00:00:00 00644 00087 30027 1           00067                                                                                                      0                                                                                                    0.00           
118601 2012 00020 00194 18 1.00            2012-04-30 00:00:00 00644 00087 30028 1           00114                                                                                                      0                                                                                                    0.00           
188812 2012 00020 00194 20 1.00            2012-05-17 00:00:00 00644 00087 35840 1           00114                                                                                                      0                                                                                                    0.00           
188813 2012 00007 00072 20 1.00            2012-05-18 00:00:00 00644 00087 35841 1           00067                                                                                                      0                                                                                                    0.00           
188814 2012 00007 00072 20 1.00            2012-05-18 00:00:00 00644 00087 35842 1           00067                                                                                                      0                                                                                                    0.00           
188815 2012 00007 00072 20 1.00            2012-05-18 00:00:00 00644 00087 35843 1           00067                                                                                                      0                                                                                                    0.00           
188816 2012 00007 00072 20 1.00            2012-05-18 00:00:00 00644 00087 35844 1           00067                                                                                                      0                                                                                                    0.00           
188817 2012 00007 00072 20 1.00            2012-05-18 00:00:00 00644 00087 35845 1           00067                                                                                                      0                                                                                                    0.00           
269986 2012 00012 00294 22 1.00            2012-05-29 00:00:00 00644 00087 39067 1           00067                                                                                                      0                                                                                                    0.00           
269987 2012 00012 00298 22 1.00            2012-05-29 00:00:00 00644 00087 39066 1           00067                                                                                                      0                                                                                                    0.00           
269988 2012 00012 00298 22 1.00            2012-05-29 00:00:00 00644 00087 39068 1           00067                                                                                                      0                                                                                                    0.00           
269989 2012 00012 00298 22 1.00            2012-05-29 00:00:00 00644 00087 39069 1           00067                                                                                                      0                                                                                                    0.00           
269990 2012 00012 00298 22 1.00            2012-06-01 00:00:00 00644 00087 39070 1           00067                                                                                                      0                                                                                                    0.00           
269991 2012 00012 00298 22 1.00            2012-06-01 00:00:00 00644 00087 39071 1           00067                                                                                                      0                                                                                                    0.00           
269992 2012 00003 00056 22 1.00            2012-06-01 00:00:00 00644 00087 30007 1           00019                                                                                                      0                                                                                                    0.00           
269993 2012 00003 00057 22 1.00            2012-06-01 00:00:00 00644 00087 39070 1           00019                                                                                                      0                                                                                                    0.00           
269994 2012 00003 00057 22 1.00            2012-06-01 00:00:00 00644 00087 39071 1           00019                                                                                                      0                                                                                                    0.00           
269995 2012 00003 00058 22 1.00            2012-06-01 00:00:00 00644 00087 16591 1           00024                                                                                                      0                                                                                                    0.00           
269996 2012 00031 00082 22 1.00            2012-06-01 00:00:00 00644 00087 39065 1           00162                                                                                                      0                                                                                                    0.00           
269997 2012 00031 00082 22 1.00            2012-06-01 00:00:00 00644 00087 23989 1           00162                                                                                                      0                                                                                                    0.00           
269998 2012 00031 00082 22 1.00            2012-06-01 00:00:00 00644 00087 30026 1           00162                                                                                                      0                                                                                                    0.00           
269999 2012 00031 00082 22 1.00            2012-06-01 00:00:00 00644 00087 30025 1           00163                                                                                                      0                                                                                                    0.00           
270000 2012 00031 00082 22 1.00            2012-06-01 00:00:00 00644 00087 30025 1           00162                                                                                                      0                                                                                                    0.00           
270001 2012 00031 00082 22 1.00            2012-06-01 00:00:00 00644 00087 35833 1           00162                                                                                                      0                                                                                                    0.00           
270002 2012 00031 00082 22 1.00            2012-06-01 00:00:00 00644 00087 30014 1           00162                                                                                                      0                                                                                                    0.00           
270003 2012 00031 00082 22 1.00            2012-06-01 00:00:00 00644 00087 30020 1           00162                                                                                                      0                                                                                                    0.00           
270004 2012 00031 00082 22 1.00            2012-06-01 00:00:00 00644 00087 16591 1           00162                                                                                                      0                                                                                                    0.00           
270005 2012 00031 00082 22 1.00            2012-06-01 00:00:00 00644 00087 35834 1           00162                                                                                                      0                                                                                                    0.00           
270006 2012 00031 00082 22 1.00            2012-06-01 00:00:00 00644 00087 39071 1           00162                                                                                                      0                                                                                                    0.00           
270007 2012 00031 00082 22 1.00            2012-06-01 00:00:00 00644 00087 23986 1           00162                                                                                                      0                                                                                                    0.00           
270008 2012 00027 00385 22 1.00            2012-06-01 00:00:00 00644 00087 35840 1           00007                                                                                                      0                                                                                                    0.00           
