01959 2011 00008 00140 25000.00             0000000005 00305 00102 2010-08-26 16:00:00
01960 2011 00008 00141 5.00                 0000000005 00305 00102 2010-08-26 16:00:00
01969 2011 00009 00302 15.00                0000000003 00305 00102 2010-08-26 16:00:00
02037 2011 00018 00320 7.00                 0000000120 00305 00102 2010-08-26 16:00:00
02038 2011 00018 00329 3.00                 0000000060 00305 00102 2010-08-26 16:00:00
02039 2011 00018 00332 3.00                 0000000060 00305 00102 2010-08-26 16:00:00
02040 2011 00018 00336 5.00                 0000000090 00305 00102 2010-08-26 16:00:00
02041 2011 00018 00338 3.00                 0000000080 00305 00102 2010-08-26 16:00:00
02086 2011 00022 00255 5.00                 0000000005 00305 00102 2010-08-26 16:00:00
02087 2011 00022 00256 25000.00             0000000005 00305 00102 2010-08-26 16:00:00
02094 2011 00023 00179 1.00                 0000000012 00305 00102 2010-08-26 16:00:00
02099 2011 00025 00001 1.00                 0000000020 00305 00102 2010-08-26 16:00:00
02196 2011 00006 00197 80.00                0000000004 00305 00102 2010-08-26 16:00:00
02197 2011 00006 00198 4.00                 0000000004 00305 00102 2010-08-26 16:00:00
05119 2011 00013 00112 80.00                0000000001 00305 00102 2010-08-31 10:00:00
05120 2011 00013 00109 50.00                0000000050 00305 00102 2010-08-31 10:00:00
05121 2011 00001 00342 500.00               0000000500 00305 00102 2010-08-31 10:00:00
05122 2011 00001 00344 7000.00              0000000700 00305 00102 2010-08-31 10:00:00
05123 2011 00001 00347 7000.00              0000000700 00305 00102 2010-08-31 10:00:00
05124 2011 00001 00348 50.00                0000000005 00305 00102 2010-08-31 10:00:00
05127 2011 00003 00056 5.00                 0000000300 00305 00102 2010-08-31 10:00:00
05128 2011 00004 00190 1.00                 0000000001 00305 00102 2010-08-31 10:00:00
05129 2011 00004 00192 3.00                 0000000040 00305 00102 2010-08-31 10:00:00
05130 2011 00004 00362 10.00                0000000005 00305 00102 2010-08-31 10:00:00
05131 2011 00005 00214 60.00                0000000010 00305 00102 2010-08-31 10:00:00
05132 2011 00005 00215 60.00                0000000010 00305 00102 2010-08-31 10:00:00
05133 2011 00005 00217 1.00                 0000000005 00305 00102 2010-08-31 10:00:00
05134 2011 00005 00220 10.00                0000000010 00305 00102 2010-08-31 10:00:00
05135 2011 00005 00226 50.00                0000000001 00305 00102 2010-08-31 10:00:00
05136 2011 00005 00229 350.00               0000000050 00305 00102 2010-08-31 10:00:00
05137 2011 00005 00230 350.00               0000000080 00305 00102 2010-08-31 10:00:00
05143 2011 00006 00196 20.00                0000000010 00305 00102 2010-08-31 10:00:00
05144 2011 00006 00202 4.00                 0000000050 00305 00102 2010-08-31 10:00:00
05145 2011 00006 00203 20.00                0000000020 00305 00102 2010-08-31 10:00:00
05146 2011 00006 00205 100.00               0000000020 00305 00102 2010-08-31 10:00:00
05147 2011 00006 00206 20.00                0000000020 00305 00102 2010-08-31 10:00:00
05148 2011 00006 00211 700.00               0000000200 00305 00102 2010-08-31 10:00:00
05149 2011 00006 00212 100.00               0000000050 00305 00102 2010-08-31 10:00:00
05150 2011 00007 00072 5.00                 0000000005 00305 00102 2010-08-31 10:00:00
05151 2011 00007 00073 5.00                 0000000005 00305 00102 2010-08-31 10:00:00
05161 2011 00008 00138 400000.00            0000000200 00305 00102 2010-08-31 10:00:00
05162 2011 00008 00139 200.00               0000000200 00305 00102 2010-08-31 10:00:00
05163 2011 00008 00150 200.00               0000000200 00305 00102 2010-08-31 10:00:00
05164 2011 00008 00153 200.00               0000000200 00305 00102 2010-08-31 10:00:00
05165 2011 00008 00154 200.00               0000000200 00305 00102 2010-08-31 10:00:00
05166 2011 00008 00155 200.00               0000000200 00305 00102 2010-08-31 10:00:00
05167 2011 00011 00016 50.00                0000000030 00305 00102 2010-08-31 10:00:00
05168 2011 00012 00298 1.00                 0000000010 00305 00102 2010-08-31 10:00:00
05169 2011 00013 00098 200.00               0000000050 00305 00102 2010-08-31 10:00:00
05170 2011 00013 00102 20.00                0000000005 00305 00102 2010-08-31 10:00:00
05171 2011 00013 00103 1.00                 0000000001 00305 00102 2010-08-31 10:00:00
05172 2011 00013 00104 200.00               0000000050 00305 00102 2010-08-31 10:00:00
05173 2011 00014 00118 20.00                0000000005 00305 00102 2010-08-31 10:00:00
05174 2011 00014 00119 1.00                 0000000001 00305 00102 2010-08-31 10:00:00
05175 2011 00014 00120 100.00               0000000050 00305 00102 2010-08-31 10:00:00
05176 2011 00014 00125 1.00                 0000000015 00305 00102 2010-08-31 10:00:00
05190 2011 00016 00094 500.00               0000000015 00305 00102 2010-08-31 10:00:00
05191 2011 00016 00096 500.00               0000000015 00305 00102 2010-08-31 10:00:00
05192 2011 00017 00316 50000.00             0000000100 00305 00102 2010-08-31 10:00:00
05194 2011 00025 00002 5.00                 0000000005 00305 00102 2010-08-31 10:00:00
05199 2011 00027 00247 1.00                 0000000010 00305 00102 2010-08-31 10:00:00
05200 2011 00027 00248 0.10                 0000000001 00305 00102 2010-08-31 10:00:00
05381 2011 00002 00245 270.00               0000000250 00305 00102 2010-08-31 10:00:00
17922 2011 00002 00361 5.00                 0000000005 00305 00102 2010-09-10 09:34:17
17972 2011 00003 00056 5.00                 0000000200 00305 00102 2010-09-10 09:38:45
17973 2011 00003 00057 2.00                 0000000040 00305 00102 2010-09-10 09:38:45
17974 2011 00003 00058 2.00                 0000000060 00305 00102 2010-09-10 09:38:45
18031 2011 00004 00186 20.00                0000000010 00305 00102 2010-09-10 09:43:38
18032 2011 00004 00187 100.00               0000000100 00305 00102 2010-09-10 09:43:38
18033 2011 00004 00188 1.00                 0000000020 00305 00102 2010-09-10 09:43:38
18034 2011 00004 00189 1.00                 0000000005 00305 00102 2010-09-10 09:43:38
18035 2011 00004 00192 2.00                 0000000060 00305 00102 2010-09-10 09:43:38
18036 2011 00004 00193 100.00               0000000100 00305 00102 2010-09-10 09:43:38
18037 2011 00004 00362 90.00                0000000095 00305 00102 2010-09-10 09:43:38
18075 2011 00005 00219 10.00                0000000060 00305 00102 2010-09-10 09:47:26
18076 2011 00005 00221 10.00                0000000010 00305 00102 2010-09-10 09:47:26
18077 2011 00005 00222 100.00               0000000060 00305 00102 2010-09-10 09:47:26
18078 2011 00005 00223 100.00               0000000060 00305 00102 2010-09-10 09:47:26
18079 2011 00005 00226 50.00                0000000009 00305 00102 2010-09-10 09:47:26
18080 2011 00005 00228 60.00                0000000060 00305 00102 2010-09-10 09:47:26
18081 2011 00005 00231 350.00               0000000080 00305 00102 2010-09-10 09:47:26
18109 2011 00006 00202 6.00                 0000000050 00305 00102 2010-09-10 09:50:56
18110 2011 00006 00209 100.00               0000000005 00305 00102 2010-09-10 09:50:56
18111 2011 00006 00210 200.00               0000000200 00305 00102 2010-09-10 09:50:56
18112 2011 00006 00212 600.00               0000000150 00305 00102 2010-09-10 09:50:56
18113 2011 00006 00213 700.00               0000000200 00305 00102 2010-09-10 09:50:56
18128 2011 00007 00081 1.00                 0000000001 00305 00102 2010-09-10 09:52:29
18129 2011 00007 00375 5.00                 0000000005 00305 00102 2010-09-10 09:52:29
18167 2011 00008 00142 100000.00            0000000010 00305 00102 2010-09-10 09:55:28
18168 2011 00008 00143 10.00                0000000010 00305 00102 2010-09-10 09:55:28
18169 2011 00008 00376 200.00               0000000200 00305 00102 2010-09-10 09:55:28
18200 2011 00011 00012 2.00                 0000000005 00305 00102 2010-09-10 09:58:06
18201 2011 00011 00363 52.00                0000000035 00305 00102 2010-09-10 09:58:06
18202 2011 00011 00379 35.00                0000000035 00305 00102 2010-09-10 09:58:06
18211 2011 00012 00287 1.00                 0000000010 00305 00102 2010-09-10 09:59:37
18212 2011 00012 00380 10.00                0000000010 00305 00102 2010-09-10 09:59:37
18262 2011 00013 00108 3.00                 0000000050 00305 00102 2010-09-10 10:03:45
18263 2011 00013 00368 50.00                0000000050 00305 00102 2010-09-10 10:03:45
18285 2011 00014 00125 4.00                 0000000035 00305 00102 2010-09-10 10:05:48
18286 2011 00014 00381 50.00                0000000050 00305 00102 2010-09-10 10:05:48
18325 2011 00015 00059 1.00                 0000000012 00305 00102 2010-09-10 10:07:58
18326 2011 00015 00382 12.00                0000000012 00305 00102 2010-09-10 10:07:58
18331 2011 00016 00095 10.00                0000000010 00305 00102 2010-09-10 10:09:03
18332 2011 00016 00096 1500.00              0000000005 00305 00102 2010-09-10 10:09:03
18333 2011 00016 00097 2000.00              0000000020 00305 00102 2010-09-10 10:09:03
18334 2011 00016 00383 20.00                0000000020 00305 00102 2010-09-10 10:09:03
18376 2011 00018 00320 3.00                 0000000030 00305 00102 2010-09-10 10:13:45
18377 2011 00018 00330 1.00                 0000000020 00305 00102 2010-09-10 10:13:45
18378 2011 00018 00336 5.00                 0000000060 00305 00102 2010-09-10 10:13:45
18387 2011 00020 00194 1000.00              0000001000 00305 00102 2010-09-10 10:15:29
18410 2011 00025 00005 20.00                0000000008 00305 00102 2010-09-10 10:17:34
18411 2011 00025 00010 1.00                 0000000001 00305 00102 2010-09-10 10:17:34
18434 2011 00029 00067 2.00                 0000000040 00305 00102 2010-09-10 10:19:28
18435 2011 00029 00069 2.00                 0000000040 00305 00102 2010-09-10 10:19:28
18436 2011 00029 00071 40.00                0000000040 00305 00102 2010-09-10 10:19:28
18447 2011 00031 00172 1.00                 0000000012 00305 00102 2010-09-10 10:20:35
18448 2011 00031 00370 12.00                0000000012 00305 00102 2010-09-10 10:20:35
18502 2011 00012 00281 1.00                 0000000010 00305 00102 2010-09-10 10:24:37
18503 2011 00012 00283 1.00                 0000000010 00305 00102 2010-09-10 10:24:37
18504 2011 00012 00284 1.00                 0000000010 00305 00102 2010-09-10 10:24:37
18505 2011 00012 00286 1.00                 0000000010 00305 00102 2010-09-10 10:24:37
18506 2011 00012 00288 1.00                 0000000010 00305 00102 2010-09-10 10:24:37
27487 2012 00001 00344 3000.00              0000000300 00305 00102 2011-10-24 15:28:55
27488 2012 00001 00345 5000.00              0000000500 00305 00102 2011-10-24 15:28:55
27489 2012 00001 00347 12000.00             0000001200 00305 00102 2011-10-24 15:28:55
27490 2012 00001 00348 50.00                0000000005 00305 00102 2011-10-24 15:28:55
27491 2012 00001 00357 700.00               0000000030 00305 00102 2011-10-24 15:28:55
27500 2012 00002 00232 50.00                0000000005 00305 00102 2011-10-24 15:34:44
27504 2012 00002 00367 270.00               0000000270 00305 00102 2011-10-24 15:34:44
27507 2012 00003 00057 2.00                 0000000040 00305 00102 2011-10-24 15:37:16
27508 2012 00003 00058 1.00                 0000000060 00305 00102 2011-10-24 15:37:16
27521 2012 00004 00189 1.00                 0000000005 00305 00102 2011-10-24 15:39:25
27550 2012 00008 00138 500000.00            0000000200 00305 00102 2011-10-24 15:51:48
27551 2012 00008 00139 200.00               0000000200 00305 00102 2011-10-24 15:51:48
27552 2012 00008 00142 200000.00            0000000020 00305 00102 2011-10-24 15:51:48
27553 2012 00008 00143 20.00                0000000020 00305 00102 2011-10-24 15:51:48
27554 2012 00008 00150 150.00               0000000150 00305 00102 2011-10-24 15:51:48
27555 2012 00008 00153 200.00               0000000200 00305 00102 2011-10-24 15:51:48
27556 2012 00008 00154 150.00               0000000150 00305 00102 2011-10-24 15:51:48
27558 2012 00008 00376 200.00               0000000200 00305 00102 2011-10-24 15:51:48
27571 2012 00011 00012 10.00                0000000010 00305 00102 2011-10-24 15:54:19
27572 2012 00011 00016 70.00                0000000030 00305 00102 2011-10-24 15:54:19
27573 2012 00011 00026 1.00                 0000000010 00305 00102 2011-10-24 15:54:19
27574 2012 00011 00363 80.00                0000000040 00305 00102 2011-10-24 15:54:19
27575 2012 00011 00379 40.00                0000000040 00305 00102 2011-10-24 15:54:19
27577 2012 00013 00102 20.00                0000000005 00305 00102 2011-10-24 15:56:36
27578 2012 00013 00103 1.00                 0000000001 00305 00102 2011-10-24 15:56:36
27583 2012 00014 00119 1.00                 0000000001 00305 00102 2011-10-24 15:58:27
27591 2012 00016 00094 500.00               0000000030 00305 00102 2011-10-24 16:00:55
27592 2012 00016 00095 10.00                0000000010 00305 00102 2011-10-24 16:00:55
27595 2012 00017 00316 500000.00            0000000050 00305 00102 2011-10-24 16:02:14
27608 2012 00020 00194 1000.00              0000001000 00305 00102 2011-10-24 16:05:53
27609 2012 00027 00250 100.00               0000000020 00305 00102 2011-10-24 16:08:01
27610 2012 00027 00387 10.00                0000000020 00305 00102 2011-10-24 16:08:01
28866 2012 00001 00342 1235.00              0000001200 00305 00102 2011-10-31 10:07:41
28867 2012 00001 00366 1200.00              0000001200 00305 00102 2011-10-31 10:07:41
28882 2012 00002 00232 100.00               0000000100 00305 00102 2011-10-31 10:16:09
28883 2012 00002 00241 70.00                0000000030 00305 00102 2011-10-31 10:16:09
28884 2012 00002 00243 150.00               0000000005 00305 00102 2011-10-31 10:16:09
28885 2012 00002 00245 315.60               0000000270 00305 00102 2011-10-31 10:16:09
28886 2012 00002 00359 100.00               0000000100 00305 00102 2011-10-31 10:16:09
28887 2012 00002 00365 170.00               0000000170 00305 00102 2011-10-31 10:16:09
28888 2012 00003 00056 4.00                 0000000270 00305 00102 2011-10-31 10:16:37
28905 2012 00004 00187 150.00               0000000100 00305 00102 2011-10-31 10:26:20
28906 2012 00004 00193 100.00               0000000100 00305 00102 2011-10-31 10:26:20
28907 2012 00004 00362 160.00               0000000100 00305 00102 2011-10-31 10:26:20
28908 2012 00005 00214 500.00               0000000070 00305 00102 2011-10-31 10:30:05
28909 2012 00005 00215 20.00                0000000005 00305 00102 2011-10-31 10:30:05
28910 2012 00005 00219 6.00                 0000000050 00305 00102 2011-10-31 10:30:05
28911 2012 00005 00220 40.00                0000000015 00305 00102 2011-10-31 10:30:05
28912 2012 00005 00226 150.00               0000000010 00305 00102 2011-10-31 10:30:05
28913 2012 00005 00228 70.00                0000000070 00305 00102 2011-10-31 10:30:05
28914 2012 00005 00229 500.00               0000000070 00305 00102 2011-10-31 10:30:05
28915 2012 00005 00230 500.00               0000000070 00305 00102 2011-10-31 10:30:05
28916 2012 00005 00231 500.00               0000000070 00305 00102 2011-10-31 10:30:05
28917 2012 00006 00196 1000.00              0000000150 00305 00102 2011-10-31 10:31:15
28918 2012 00006 00209 50.00                0000000005 00305 00102 2011-10-31 10:31:15
28919 2012 00006 00210 150.00               0000000150 00305 00102 2011-10-31 10:31:15
28920 2012 00006 00211 1000.00              0000000150 00305 00102 2011-10-31 10:31:15
28921 2012 00006 00212 1000.00              0000000150 00305 00102 2011-10-31 10:31:15
28922 2012 00006 00213 1000.00              0000000150 00305 00102 2011-10-31 10:31:15
28923 2012 00008 00155 150.00               0000000150 00305 00102 2011-10-31 10:32:06
28928 2012 00013 00098 500.00               0000000100 00305 00102 2011-10-31 10:33:26
28929 2012 00013 00104 500.00               0000000100 00305 00102 2011-10-31 10:33:26
28930 2012 00013 00368 100.00               0000000100 00305 00102 2011-10-31 10:33:26
28931 2012 00014 00114 200.00               0000000020 00305 00102 2011-10-31 10:34:23
28932 2012 00014 00118 10.00                0000000002 00305 00102 2011-10-31 10:34:23
28933 2012 00014 00120 200.00               0000000020 00305 00102 2011-10-31 10:34:23
28934 2012 00014 00381 20.00                0000000020 00305 00102 2011-10-31 10:34:23
28935 2012 00016 00096 3000.00              0000000100 00305 00102 2011-10-31 10:35:04
28936 2012 00016 00383 100.00               0000000100 00305 00102 2011-10-31 10:35:04
29207 2012 00022 00252 10.00                0000000020 00305 00102 2011-10-31 14:50:08
29208 2012 00022 00253 20.00                0000000020 00305 00102 2011-10-31 14:50:08
29209 2012 00022 00254 200.00               0000000020 00305 00102 2011-10-31 14:50:08
29210 2012 00027 00247 100.00               0000000020 00305 00102 2011-10-31 14:51:58
29211 2012 00027 00248 50.00                0000000010 00305 00102 2011-10-31 14:51:58
29212 2012 00027 00385 10.00                0000000020 00305 00102 2011-10-31 14:51:58
29213 2012 00027 00386 5.00                 0000000010 00305 00102 2011-10-31 14:51:58
29214 2012 00013 00108 4.00                 0000000060 00305 00102 2011-10-31 14:55:04
29215 2012 00014 00125 2.00                 0000000020 00305 00102 2011-10-31 14:56:05
29216 2012 00013 00109 10.00                0000000006 00305 00102 2011-10-31 14:56:38
29217 2012 00006 00202 6.00                 0000000100 00305 00102 2011-10-31 14:59:55
29218 2012 00006 00204 100.00               0000000020 00305 00102 2011-10-31 14:59:55
29243 2012 00012 00281 3.00                 0000000010 00305 00102 2011-10-31 15:02:33
29244 2012 00012 00283 1.00                 0000000003 00305 00102 2011-10-31 15:02:33
29245 2012 00012 00284 3.00                 0000000010 00305 00102 2011-10-31 15:02:33
29246 2012 00012 00287 4.00                 0000000010 00305 00102 2011-10-31 15:02:33
29247 2012 00012 00288 1.00                 0000000003 00305 00102 2011-10-31 15:02:33
29248 2012 00012 00380 10.00                0000000010 00305 00102 2011-10-31 15:02:33
29249 2012 00015 00059 1.00                 0000000010 00305 00102 2011-10-31 15:03:39
29250 2012 00015 00061 5.00                 0000000005 00305 00102 2011-10-31 15:03:39
29251 2012 00015 00382 10.00                0000000010 00305 00102 2011-10-31 15:03:39
29252 2012 00004 00186 10.00                0000000005 00305 00102 2011-10-31 15:05:54
36825 2012 00023 00179 1.00                 0000000012 00305 00102 2011-12-05 10:51:48
44518 2012 00002 00233 150.00               0000000105 00305 00102 2010-12-31 00:00:00
45349 2012 00002 00360 70.00                0000000035 00900 00102 2012-01-26 11:12:44
48504 2012 00003 00408 0.00                 0000000000 00305 00102 2011-09-30 18:00:00
48505 2012 00008 00409 0.00                 0000000000 00305 00102 2011-09-30 18:00:00
48506 2012 00017 00411 0.00                 0000000000 00305 00102 2011-09-30 18:00:00
48507 2012 00020 00414 0.00                 0000000000 00305 00102 2011-09-30 18:00:00
48508 2012 00022 00416 0.00                 0000000000 00305 00102 2011-09-30 18:00:00
48509 2012 00023 00417 0.00                 0000000000 00305 00102 2011-09-30 18:00:00
48510 2012 00027 00421 0.00                 0000000000 00305 00102 2011-09-30 18:00:00
