06392 2011 00033 00277 200.00               0000000005 00395 00175 2010-08-31 10:00:00
06393 2011 00028 00319 160.00               0000000160 00395 00175 2010-08-31 10:00:00
06394 2011 00020 00194 200.00               0000000200 00395 00175 2010-08-31 10:00:00
06395 2011 00015 00059 2.00                 0000000020 00395 00175 2010-08-31 10:00:00
06396 2011 00015 00061 1.00                 0000000001 00395 00175 2010-08-31 10:00:00
06399 2011 00003 00056 32.00                0000000350 00395 00175 2010-08-31 10:00:00
06400 2011 00003 00058 1.00                 0000000020 00395 00175 2010-08-31 10:00:00
06401 2011 00025 00001 1.00                 0000000010 00395 00175 2010-08-31 10:00:00
06402 2011 00025 00002 3.00                 0000000003 00395 00175 2010-08-31 10:00:00
06403 2011 00025 00007 10.00                0000000015 00395 00175 2010-08-31 10:00:00
06404 2011 00025 00008 0.30                 0000000005 00395 00175 2010-08-31 10:00:00
06405 2011 00025 00009 200.00               0000000005 00395 00175 2010-08-31 10:00:00
06406 2011 00026 00265 3.00                 0000000003 00395 00175 2010-08-31 10:00:00
06407 2011 00026 00267 0.30                 0000000005 00395 00175 2010-08-31 10:00:00
06410 2011 00007 00072 2.00                 0000000020 00395 00175 2010-08-31 10:00:00
06411 2011 00007 00073 5.00                 0000000010 00395 00175 2010-08-31 10:00:00
06412 2011 00007 00075 1.00                 0000000020 00395 00175 2010-08-31 10:00:00
06414 2011 00012 00281 0.30                 0000000005 00395 00175 2010-08-31 10:00:00
06415 2011 00012 00284 0.30                 0000000005 00395 00175 2010-08-31 10:00:00
06418 2011 00018 00341 1.00                 0000000010 00395 00175 2010-08-31 10:00:00
06420 2011 00009 00303 10.00                0000000010 00395 00175 2010-08-31 10:00:00
06421 2011 00009 00309 4.00                 0000000040 00395 00175 2010-08-31 10:00:00
06422 2011 00009 00310 1.00                 0000000020 00395 00175 2010-08-31 10:00:00
06427 2011 00031 00173 1.00                 0000000010 00395 00175 2010-08-31 10:00:00
06430 2011 00008 00138 99000.00             0000000055 00395 00175 2010-08-31 10:00:00
06431 2011 00008 00139 55.00                0000000055 00395 00175 2010-08-31 10:00:00
06432 2011 00008 00148 7500.00              0000000005 00395 00175 2010-08-31 10:00:00
06433 2011 00008 00149 5.00                 0000000005 00395 00175 2010-08-31 10:00:00
06434 2011 00008 00150 50.00                0000000050 00395 00175 2010-08-31 10:00:00
06435 2011 00008 00151 220.00               0000000220 00395 00175 2010-08-31 10:00:00
06436 2011 00008 00152 650.00               0000000650 00395 00175 2010-08-31 10:00:00
06437 2011 00008 00153 10.00                0000000150 00395 00175 2010-08-31 10:00:00
06438 2011 00008 00154 10.00                0000000150 00395 00175 2010-08-31 10:00:00
06439 2011 00008 00155 10.00                0000000150 00395 00175 2010-08-31 10:00:00
06440 2011 00008 00156 4.00                 0000000004 00395 00175 2010-08-31 10:00:00
06444 2011 00013 00098 150.00               0000000020 00395 00175 2010-08-31 10:00:00
06445 2011 00013 00102 20.00                0000000002 00395 00175 2010-08-31 10:00:00
06446 2011 00013 00103 2.00                 0000000002 00395 00175 2010-08-31 10:00:00
06447 2011 00013 00104 172.00               0000000022 00395 00175 2010-08-31 10:00:00
06449 2011 00014 00114 200.00               0000000020 00395 00175 2010-08-31 10:00:00
06450 2011 00014 00118 20.00                0000000002 00395 00175 2010-08-31 10:00:00
06451 2011 00014 00119 2.00                 0000000002 00395 00175 2010-08-31 10:00:00
06452 2011 00014 00120 222.00               0000000022 00395 00175 2010-08-31 10:00:00
06456 2011 00006 00196 100.00               0000000050 00395 00175 2010-08-31 10:00:00
06457 2011 00006 00198 20.00                0000000010 00395 00175 2010-08-31 10:00:00
06459 2011 00006 00204 70.00                0000000070 00395 00175 2010-08-31 10:00:00
06460 2011 00006 00206 100.00               0000000070 00395 00175 2010-08-31 10:00:00
06461 2011 00006 00210 70.00                0000000070 00395 00175 2010-08-31 10:00:00
06462 2011 00006 00211 120.00               0000000120 00395 00175 2010-08-31 10:00:00
06463 2011 00006 00212 120.00               0000000120 00395 00175 2010-08-31 10:00:00
06466 2011 00005 00214 120.00               0000000060 00395 00175 2010-08-31 10:00:00
06467 2011 00005 00215 40.00                0000000020 00395 00175 2010-08-31 10:00:00
06468 2011 00005 00219 3.00                 0000000045 00395 00175 2010-08-31 10:00:00
06469 2011 00005 00221 80.00                0000000080 00395 00175 2010-08-31 10:00:00
06470 2011 00005 00223 150.00               0000000080 00395 00175 2010-08-31 10:00:00
06471 2011 00005 00228 80.00                0000000080 00395 00175 2010-08-31 10:00:00
06472 2011 00005 00229 160.00               0000000080 00395 00175 2010-08-31 10:00:00
06473 2011 00005 00230 160.00               0000000080 00395 00175 2010-08-31 10:00:00
06477 2011 00001 00342 810.00               0000000810 00395 00175 2010-08-31 10:00:00
06478 2011 00001 00344 2000.00              0000000200 00395 00175 2010-08-31 10:00:00
06479 2011 00001 00345 6000.00              0000000600 00395 00175 2010-08-31 10:00:00
06480 2011 00001 00346 60.00                0000000010 00395 00175 2010-08-31 10:00:00
06481 2011 00001 00347 6000.00              0000000600 00395 00175 2010-08-31 10:00:00
06492 2011 00011 00016 30.00                0000000060 00395 00175 2010-08-31 10:00:00
06493 2011 00011 00018 20.00                0000000024 00395 00175 2010-08-31 10:00:00
06494 2011 00011 00022 2.00                 0000000004 00395 00175 2010-08-31 10:00:00
06495 2011 00011 00025 1.00                 0000000010 00395 00175 2010-08-31 10:00:00
06496 2011 00011 00363 52.00                0000000060 00395 00175 2010-08-31 10:00:00
06498 2011 00004 00185 7.00                 0000000040 00395 00175 2010-08-31 10:00:00
06499 2011 00004 00186 1.00                 0000000004 00395 00175 2010-08-31 10:00:00
06500 2011 00004 00188 2.00                 0000000030 00395 00175 2010-08-31 10:00:00
06501 2011 00004 00190 1.00                 0000000001 00395 00175 2010-08-31 10:00:00
06502 2011 00004 00193 44.00                0000000044 00395 00175 2010-08-31 10:00:00
06503 2011 00004 00362 8.00                 0000000044 00395 00175 2010-08-31 10:00:00
06513 2011 00016 00091 3.00                 0000000003 00395 00175 2010-08-31 10:00:00
06514 2011 00016 00093 30.00                0000000003 00395 00175 2010-08-31 10:00:00
06515 2011 00016 00094 200.00               0000000020 00395 00175 2010-08-31 10:00:00
06516 2011 00016 00096 200.00               0000000020 00395 00175 2010-08-31 10:00:00
06533 2011 00002 00232 10.00                0000000015 00395 00175 2010-08-31 10:00:00
06534 2011 00002 00233 100.00               0000000080 00395 00175 2010-08-31 10:00:00
06535 2011 00002 00234 4400.00              0000000095 00395 00175 2010-08-31 10:00:00
06536 2011 00002 00235 10.00                0000000010 00395 00175 2010-08-31 10:00:00
06537 2011 00002 00236 10.00                0000000010 00395 00175 2010-08-31 10:00:00
06538 2011 00002 00237 4.50                 0000000010 00395 00175 2010-08-31 10:00:00
06539 2011 00002 00245 540.00               0000000600 00395 00175 2010-08-31 10:00:00
06562 2011 00029 00071 40.00                0000000040 00395 00175 2010-08-31 10:00:00
07911 2011 00002 00358 300.00               0000000600 00395 00175 2010-09-01 16:39:41
07912 2011 00002 00367 600.00               0000000600 00395 00175 2010-09-01 16:39:41
07914 2011 00004 00192 3.00                 0000000044 00395 00175 2010-09-01 16:42:19
07915 2011 00005 00219 2.00                 0000000035 00395 00175 2010-09-01 16:43:19
07921 2011 00009 00310 1.00                 0000000020 00395 00175 2010-09-01 16:45:19
07923 2011 00012 00296 1.00                 0000000005 00395 00175 2010-09-01 16:46:56
07925 2011 00013 00368 22.00                0000000022 00395 00175 2010-09-01 16:47:42
07938 2011 00029 00071 20.00                0000000020 00395 00175 2010-09-01 16:51:52
07939 2011 00029 00069 3.00                 0000000060 00395 00175 2010-09-01 16:52:19
09343 2011 00006 00202 5.00                 0000000060 00395 00175 2010-09-02 14:58:36
09362 2011 00013 00108 1.00                 0000000020 00395 00175 2010-09-02 15:00:29
09375 2011 00026 00268 2.00                 0000000005 00395 00175 2010-09-02 15:03:38
09438 2011 00014 00125 1.00                 0000000015 00395 00175 2010-09-02 15:15:23
19161 2011 00029 00067 3.00                 0000000060 00395 00175 2010-09-10 13:16:57
19162 2011 00029 00068 4.00                 0000000002 00395 00175 2010-09-10 13:16:57
19163 2011 00029 00070 4.00                 0000000004 00395 00175 2010-09-10 13:16:57
23044 2012 00001 00342 810.00               0000000810 00395 00175 2011-10-06 13:09:53
23045 2012 00001 00344 2000.00              0000000200 00395 00175 2011-10-06 13:09:53
23046 2012 00001 00345 6000.00              0000000600 00395 00175 2011-10-06 13:09:53
23047 2012 00001 00346 60.00                0000000010 00395 00175 2011-10-06 13:09:53
23048 2012 00001 00347 6000.00              0000000600 00395 00175 2011-10-06 13:09:53
23049 2012 00001 00366 600.00               0000000600 00395 00175 2011-10-06 13:09:53
23050 2012 00002 00232 10.00                0000000015 00395 00175 2011-10-06 13:11:50
23051 2012 00002 00233 100.00               0000000080 00395 00175 2011-10-06 13:11:50
23052 2012 00002 00234 4400.00              0000000095 00395 00175 2011-10-06 13:11:50
23053 2012 00002 00235 10.00                0000000010 00395 00175 2011-10-06 13:11:50
23054 2012 00002 00236 10.00                0000000010 00395 00175 2011-10-06 13:11:50
23055 2012 00002 00245 540.00               0000000600 00395 00175 2011-10-06 13:11:50
23056 2012 00002 00358 300.00               0000000600 00395 00175 2011-10-06 13:11:50
23057 2012 00002 00367 600.00               0000000600 00395 00175 2011-10-06 13:11:50
23058 2012 00003 00056 33.00                0000000700 00395 00175 2011-10-06 13:12:35
23059 2012 00003 00058 1.00                 0000000020 00395 00175 2011-10-06 13:12:35
23060 2012 00004 00184 5.00                 0000000030 00395 00175 2011-10-06 13:16:31
23061 2012 00004 00186 5.00                 0000000010 00395 00175 2011-10-06 13:16:31
23062 2012 00004 00188 2.00                 0000000030 00395 00175 2011-10-06 13:16:31
23063 2012 00004 00190 1.00                 0000000001 00395 00175 2011-10-06 13:16:31
23064 2012 00004 00192 3.00                 0000000040 00395 00175 2011-10-06 13:16:31
23065 2012 00004 00193 40.00                0000000040 00395 00175 2011-10-06 13:16:31
23066 2012 00004 00362 10.00                0000000040 00395 00175 2011-10-06 13:16:31
23067 2012 00005 00214 200.00               0000000100 00395 00175 2011-10-06 13:20:04
23068 2012 00005 00215 60.00                0000000030 00395 00175 2011-10-06 13:20:04
23069 2012 00005 00219 5.00                 0000000100 00395 00175 2011-10-06 13:20:04
23070 2012 00005 00221 80.00                0000000080 00395 00175 2011-10-06 13:20:04
23071 2012 00005 00223 150.00               0000000080 00395 00175 2011-10-06 13:20:04
23072 2012 00005 00228 100.00               0000000100 00395 00175 2011-10-06 13:20:04
23073 2012 00005 00229 260.00               0000000100 00395 00175 2011-10-06 13:20:04
23074 2012 00005 00230 260.00               0000000100 00395 00175 2011-10-06 13:20:04
23075 2012 00005 00231 260.00               0000000100 00395 00175 2011-10-06 13:20:04
23076 2012 00006 00196 160.00               0000000080 00395 00175 2011-10-06 13:23:17
23077 2012 00006 00198 10.00                0000000010 00395 00175 2011-10-06 13:23:17
23078 2012 00006 00202 4.00                 0000000080 00395 00175 2011-10-06 13:23:17
23079 2012 00006 00204 70.00                0000000070 00395 00175 2011-10-06 13:23:17
23080 2012 00006 00206 100.00               0000000080 00395 00175 2011-10-06 13:23:17
23081 2012 00006 00210 80.00                0000000080 00395 00175 2011-10-06 13:23:17
23082 2012 00006 00211 170.00               0000000080 00395 00175 2011-10-06 13:23:17
23083 2012 00006 00212 170.00               0000000080 00395 00175 2011-10-06 13:23:17
23084 2012 00006 00213 170.00               0000000080 00395 00175 2011-10-06 13:23:17
23085 2012 00007 00072 2.00                 0000000020 00395 00175 2011-10-06 13:27:25
23086 2012 00007 00073 5.00                 0000000010 00395 00175 2011-10-06 13:27:25
23087 2012 00007 00075 1.00                 0000000020 00395 00175 2011-10-06 13:27:25
23088 2012 00007 00375 20.00                0000000020 00395 00175 2011-10-06 13:27:25
23089 2012 00008 00138 250000.00            0000000100 00395 00175 2011-10-06 13:33:46
23090 2012 00008 00139 100.00               0000000100 00395 00175 2011-10-06 13:33:46
23091 2012 00008 00148 25000.00             0000000010 00395 00175 2011-10-06 13:33:46
23092 2012 00008 00149 10.00                0000000010 00395 00175 2011-10-06 13:33:46
23093 2012 00008 00150 60.00                0000000060 00395 00175 2011-10-06 13:33:46
23094 2012 00008 00151 250.00               0000000250 00395 00175 2011-10-06 13:33:46
23095 2012 00008 00152 650.00               0000000650 00395 00175 2011-10-06 13:33:46
23096 2012 00008 00153 15.00                0000000100 00395 00175 2011-10-06 13:33:46
23097 2012 00008 00154 15.00                0000000100 00395 00175 2011-10-06 13:33:46
23098 2012 00008 00155 15.00                0000000100 00395 00175 2011-10-06 13:33:46
23099 2012 00008 00156 4.00                 0000000004 00395 00175 2011-10-06 13:33:46
23100 2012 00008 00376 100.00               0000000100 00395 00175 2011-10-06 13:33:46
23101 2012 00009 00303 10.00                0000000010 00395 00175 2011-10-06 13:34:43
23102 2012 00009 00309 2.00                 0000000020 00395 00175 2011-10-06 13:34:43
23103 2012 00009 00310 1.00                 0000000010 00395 00175 2011-10-06 13:34:43
23104 2012 00011 00016 40.00                0000000080 00395 00175 2011-10-06 13:37:08
23105 2012 00011 00018 20.00                0000000024 00395 00175 2011-10-06 13:37:08
23106 2012 00011 00022 2.00                 0000000004 00395 00175 2011-10-06 13:37:08
23107 2012 00011 00025 1.00                 0000000010 00395 00175 2011-10-06 13:37:08
23108 2012 00011 00363 63.00                0000000063 00395 00175 2011-10-06 13:37:08
23109 2012 00011 00379 80.00                0000000080 00395 00175 2011-10-06 13:37:08
23110 2012 00012 00281 0.30                 0000000005 00395 00175 2011-10-06 13:38:06
23111 2012 00012 00284 0.30                 0000000005 00395 00175 2011-10-06 13:38:06
23112 2012 00012 00294 1.00                 0000000005 00395 00175 2011-10-06 13:38:06
23113 2012 00012 00380 5.00                 0000000005 00395 00175 2011-10-06 13:38:06
23114 2012 00013 00098 100.00               0000000020 00395 00175 2011-10-06 13:39:37
23115 2012 00013 00102 20.00                0000000020 00395 00175 2011-10-06 13:39:37
23116 2012 00013 00103 2.00                 0000000002 00395 00175 2011-10-06 13:39:37
23117 2012 00013 00104 122.00               0000000020 00395 00175 2011-10-06 13:39:37
23118 2012 00013 00108 1.00                 0000000020 00395 00175 2011-10-06 13:39:37
23119 2012 00013 00368 20.00                0000000020 00395 00175 2011-10-06 13:39:37
23120 2012 00014 00114 200.00               0000000020 00395 00175 2011-10-06 13:42:01
23121 2012 00014 00118 20.00                0000000002 00395 00175 2011-10-06 13:42:01
23122 2012 00014 00119 2.00                 0000000002 00395 00175 2011-10-06 13:42:01
23123 2012 00014 00120 222.00               0000000020 00395 00175 2011-10-06 13:42:01
23124 2012 00014 00125 2.00                 0000000020 00395 00175 2011-10-06 13:42:01
23125 2012 00014 00381 20.00                0000000020 00395 00175 2011-10-06 13:42:01
23126 2012 00015 00059 2.00                 0000000020 00395 00175 2011-10-06 13:42:44
23127 2012 00015 00061 1.00                 0000000001 00395 00175 2011-10-06 13:42:44
23128 2012 00015 00382 20.00                0000000020 00395 00175 2011-10-06 13:42:44
23129 2012 00016 00091 3.00                 0000000003 00395 00175 2011-10-06 13:44:05
23130 2012 00016 00093 30.00                0000000003 00395 00175 2011-10-06 13:44:05
23131 2012 00016 00094 200.00               0000000020 00395 00175 2011-10-06 13:44:05
23132 2012 00016 00096 200.00               0000000020 00395 00175 2011-10-06 13:44:05
23133 2012 00016 00383 20.00                0000000020 00395 00175 2011-10-06 13:44:05
23134 2012 00018 00322 2.00                 0000000002 00395 00175 2011-10-06 13:46:47
23135 2012 00018 00323 50.00                0000000050 00395 00175 2011-10-06 13:46:47
23136 2012 00018 00325 4.00                 0000000004 00395 00175 2011-10-06 13:46:47
23137 2012 00018 00327 2.00                 0000000030 00395 00175 2011-10-06 13:46:47
23138 2012 00018 00329 5.00                 0000000005 00395 00175 2011-10-06 13:46:47
23139 2012 00018 00338 5.00                 0000000005 00395 00175 2011-10-06 13:46:47
23140 2012 00018 00339 5.00                 0000000005 00395 00175 2011-10-06 13:46:47
23141 2012 00018 00341 1.00                 0000000010 00395 00175 2011-10-06 13:46:47
23142 2012 00020 00194 250.00               0000000250 00395 00175 2011-10-06 13:47:42
23148 2012 00026 00265 2.00                 0000000002 00395 00175 2011-10-06 13:49:59
23149 2012 00026 00267 0.30                 0000000005 00395 00175 2011-10-06 13:49:59
23150 2012 00026 00268 2.00                 0000000005 00395 00175 2011-10-06 13:49:59
23151 2012 00028 00319 160.00               0000000160 00395 00175 2011-10-06 13:50:32
23152 2012 00029 00069 2.00                 0000000050 00395 00175 2011-10-06 13:51:47
23153 2012 00029 00071 2.00                 0000000050 00395 00175 2011-10-06 13:51:47
23154 2012 00031 00173 1.00                 0000000010 00395 00175 2011-10-06 13:52:31
23155 2012 00031 00370 1.00                 0000000010 00395 00175 2011-10-06 13:52:31
23156 2012 00033 00278 200.00               0000000005 00395 00175 2011-10-06 13:53:03
23159 2012 00038 00391 1.00                 0000000008 00395 00175 2011-10-06 13:58:26
23160 2012 00038 00392 1.00                 0000000008 00395 00175 2011-10-06 13:58:26
23161 2012 00038 00393 1.00                 0000000008 00395 00175 2011-10-06 13:58:26
23473 2012 00025 00001 1.00                 0000000010 00395 00175 2011-10-07 08:04:22
23474 2012 00025 00002 2.00                 0000000002 00395 00175 2011-10-07 08:04:22
23475 2012 00025 00007 2.00                 0000000005 00395 00175 2011-10-07 08:04:22
23476 2012 00025 00008 0.30                 0000000005 00395 00175 2011-10-07 08:04:22
23477 2012 00025 00009 200.00               0000000005 00395 00175 2011-10-07 08:04:22
23478 2012 00025 00010 2.00                 0000000002 00395 00175 2011-10-07 08:11:31
45331 2012 00011 00014 50.00                0000000050 00900 00175 2012-01-26 09:02:17
45332 2012 00011 00032 30.00                0000000030 00900 00175 2012-01-26 09:02:17
49296 2012 00003 00408 0.00                 0000000000 00395 00175 2011-09-30 18:00:00
49297 2012 00008 00409 0.00                 0000000000 00395 00175 2011-09-30 18:00:00
49298 2012 00009 00410 0.00                 0000000000 00395 00175 2011-09-30 18:00:00
49299 2012 00018 00412 0.00                 0000000000 00395 00175 2011-09-30 18:00:00
49300 2012 00020 00414 0.00                 0000000000 00395 00175 2011-09-30 18:00:00
49301 2012 00025 00419 0.00                 0000000000 00395 00175 2011-09-30 18:00:00
49302 2012 00026 00420 0.00                 0000000000 00395 00175 2011-09-30 18:00:00
49303 2012 00028 00422 0.00                 0000000000 00395 00175 2011-09-30 18:00:00
49304 2012 00029 00423 0.00                 0000000000 00395 00175 2011-09-30 18:00:00
49305 2012 00033 00424 0.00                 0000000000 00395 00175 2011-09-30 18:00:00
49306 2012 00038 00425 0.00                 0000000000 00395 00175 2011-09-30 18:00:00
