00001 00001
00002 00001
00002 00038
00003 00001
00005 00001
00005 00009
00005 00038
00006 00002
00006 00004
00006 00007
00006 00009
00006 00011
00006 00012
00006 00022
00006 00027
00007 00002
00007 00004
00007 00007
00007 00009
00007 00011
00007 00012
00007 00022
00007 00027
00010 00002
00010 00004
00010 00007
00010 00009
00010 00022
00010 00027
00011 00002
00011 00004
00011 00009
00011 00011
00011 00022
00011 00027
00012 00002
00012 00004
00012 00005
00012 00006
00012 00009
00012 00011
00012 00013
00012 00014
00012 00022
00012 00027
00013 00002
00013 00007
00013 00009
00013 00012
00013 00022
00013 00027
00013 00038
00014 00002
00014 00004
00014 00009
00014 00010
00014 00011
00014 00012
00014 00022
00014 00025
00014 00026
00014 00027
00015 00002
00015 00004
00015 00009
00015 00011
00015 00022
00015 00027
00016 00001
00016 00002
00017 00002
00017 00005
00017 00006
00017 00007
00017 00009
00017 00012
00017 00013
00017 00014
00017 00022
00017 00027
00018 00002
00018 00004
00018 00007
00018 00009
00018 00011
00018 00012
00018 00022
00018 00027
00018 00038
00019 00003
00019 00038
00020 00003
00021 00003
00022 00003
00023 00003
00024 00003
00025 00003
00026 00004
00027 00002
00027 00004
00027 00007
00027 00009
00027 00012
00027 00022
00027 00027
00028 00004
00029 00005
00029 00006
00029 00013
00029 00014
00030 00005
00030 00006
00030 00013
00030 00014
00031 00005
00031 00006
00031 00013
00031 00014
00032 00005
00032 00006
00032 00013
00032 00014
00033 00005
00033 00006
00033 00013
00033 00014
00033 00038
00034 00005
00034 00006
00034 00013
00034 00014
00035 00005
00035 00006
00035 00013
00035 00014
00036 00005
00036 00006
00036 00013
00036 00014
00037 00013
00037 00014
00037 00038
00038 00005
00038 00006
00038 00013
00038 00014
00039 00005
00039 00006
00039 00013
00039 00014
00040 00005
00040 00006
00040 00013
00040 00014
00041 00005
00042 00005
00043 00006
00043 00013
00043 00014
00044 00005
00044 00006
00044 00013
00044 00014
00044 00016
00045 00005
00045 00006
00045 00013
00045 00014
00046 00005
00046 00006
00046 00013
00046 00014
00047 00006
00047 00013
00047 00014
00048 00005
00048 00006
00048 00013
00048 00014
00049 00005
00049 00006
00049 00013
00049 00014
00050 00005
00050 00006
00050 00013
00050 00014
00051 00007
00051 00012
00052 00008
00052 00009
00052 00038
00053 00011
00053 00038
00054 00007
00054 00011
00055 00007
00055 00011
00056 00007
00056 00011
00057 00010
00057 00011
00058 00007
00058 00011
00059 00007
00059 00011
00059 00012
00060 00011
00061 00011
00062 00011
00063 00012
00064 00007
00064 00012
00064 00038
00065 00004
00065 00007
00065 00012
00066 00007
00066 00012
00067 00005
00067 00006
00067 00007
00067 00012
00067 00038
00068 00007
00068 00012
00069 00007
00069 00012
00069 00031
00070 00005
00072 00005
00078 00010
00079 00010
00080 00010
00081 00010
00081 00038
00082 00010
00083 00010
00084 00010
00085 00010
00086 00010
00087 00010
00088 00002
00088 00004
00088 00010
00088 00038
00089 00010
00090 00004
00090 00010
00092 00016
00093 00016
00093 00017
00094 00016
00095 00016
00096 00016
00097 00016
00099 00017
00100 00017
00100 00038
00101 00017
00102 00017
00103 00017
00104 00018
00105 00018
00106 00018
00107 00018
00108 00018
00109 00018
00110 00018
00112 00020
00113 00020
00114 00020
00116 00023
00116 00038
00117 00023
00118 00023
00119 00023
00120 00023
00121 00023
00122 00023
00122 00031
00122 00038
00123 00024
00124 00024
00125 00024
00126 00024
00127 00024
00128 00024
00129 00024
00130 00024
00131 00024
00132 00024
00133 00024
00133 00038
00134 00024
00135 00024
00136 00024
00137 00024
00138 00024
00139 00025
00139 00026
00140 00025
00140 00026
00141 00025
00141 00026
00142 00025
00142 00026
00143 00025
00143 00026
00144 00025
00144 00026
00145 00001
00145 00025
00145 00026
00146 00025
00146 00026
00147 00026
00148 00027
00148 00038
00149 00028
00150 00028
00151 00028
00152 00028
00153 00028
00154 00029
00155 00029
00156 00029
00158 00029
00159 00029
00160 00031
00161 00031
00161 00038
00162 00031
00163 00001
00163 00031
00164 00031
00165 00031
00166 00002
00167 00002
00167 00007
00167 00011
00167 00012
00168 00006
00170 00007
00170 00011
00171 00007
00171 00011
00172 00008
00173 00008
00174 00008
00174 00038
00175 00008
00176 00008
00177 00008
00178 00008
00179 00008
00179 00038
00180 00008
00181 00008
00182 00008
00182 00038
00183 00008
00184 00009
00185 00009
00186 00010
00187 00017
00188 00017
00189 00016
00189 00017
00190 00022
00190 00027
00191 00022
00193 00031
00194 00001
00195 00007
00196 00019
00197 00019
00198 00019
00199 00019
00200 00019
00201 00019
00202 00019
00203 00019
00204 00019
00205 00019
00206 00019
00207 00032
00208 00032
00209 00032
00210 00032
00211 00032
00212 00032
00213 00032
00214 00032
00215 00032
00216 00032
00218 00032
00219 00033
00220 00033
00220 00038
00221 00033
00222 00033
00223 00033
00224 00033
00225 00033
00226 00033
00227 00033
00228 00033
00229 00033
00230 00033
00230 00038
00231 00033
00234 00038
00235 00038
00238 00038
00240 00038
00244 00038
00246 00038
00248 00038
00252 00038
00253 00038
00259 00038
00261 00038
00262 00038
00263 00038
00264 00038
